1 0.51484375 0.2791666666666667 0.16718750000000002 0.2972222222222222
3 0.294140625 0.2972222222222222 0.09140625000000001 0.12222222222222223
2 0.19765625 0.45 0.146875 0.17777777777777778
0 0.34921875 0.4166666666666667 0.07187500000000001 0.07222222222222223
0 0.26171875 0.37222222222222223 0.0546875 0.05277777777777778
0 0.102734375 0.39375 0.07578125000000001 0.0625
0 0.10078125 0.34652777777777777 0.0765625 0.059722222222222225
0 0.07734375 0.4118055555555556 0.0859375 0.07083333333333333
0 0.074609375 0.3597222222222222 0.08671875000000001 0.06666666666666667
3 0.10429687500000001 0.607638888888889 0.20859375000000002 0.6819444444444445
3 0.026562500000000003 0.33194444444444443 0.053125000000000006 0.18055555555555555
2 0.33242187500000003 0.3402777777777778 0.07734375 0.08055555555555556
