1 0.401171875 0.2673611111111111 0.15390625000000002 0.2652777777777778
3 0.10039062500000001 0.30694444444444446 0.10234375000000001 0.14444444444444446
2 0.32343750000000004 0.48125 0.15937500000000002 0.21805555555555556
0 0.35273437500000004 0.4201388888888889 0.08359375000000001 0.08472222222222223
0 0.16914062500000002 0.39583333333333337 0.07890625000000001 0.07222222222222223
0 0.033203125 0.4590277777777778 0.06640625 0.10694444444444445
0 0.031640625 0.3909722222222222 0.06328125 0.09861111111111112
0 0.043750000000000004 0.48750000000000004 0.08750000000000001 0.125
0 0.041796875000000004 0.41250000000000003 0.08359375000000001 0.11388888888888889
3 0.6984375 0.6291666666666667 0.5359375000000001 0.7416666666666667
2 0.198046875 0.35000000000000003 0.08984375 0.09444444444444444
