1 0.125390625 0.26805555555555555 0.22109375 0.39166666666666666
2 0.55625 0.4256944444444445 0.1234375 0.18472222222222223
0 0.37031250000000004 0.42083333333333334 0.07968750000000001 0.11388888888888889
0 0.236328125 0.6319444444444444 0.10703125000000001 0.19166666666666668
0 0.516796875 0.7972222222222223 0.15234375 0.2638888888888889
0 0.523046875 0.7208333333333333 0.15859375 0.2611111111111111
0 0.59296875 0.7201388888888889 0.146875 0.22916666666666669
0 0.601171875 0.6486111111111111 0.15234375 0.225
3 0.7328125000000001 0.31736111111111115 0.2109375 0.22916666666666669
2 0.057421875000000004 0.6027777777777777 0.11484375000000001 0.2777777777777778
