1 0.37109375 0.2701388888888889 0.1453125 0.25416666666666665
3 0.055078125000000006 0.3159722222222222 0.10234375000000001 0.15416666666666667
2 0.3671875 0.4763888888888889 0.13125 0.20277777777777778
0 0.35468750000000004 0.41944444444444445 0.078125 0.08333333333333334
0 0.15703125 0.40555555555555556 0.08125 0.075
0 0.040625 0.4791666666666667 0.08125 0.11666666666666667
0 0.0390625 0.4076388888888889 0.078125 0.10694444444444445
0 0.059375000000000004 0.5069444444444444 0.11875000000000001 0.13333333333333333
0 0.058203125 0.42847222222222225 0.11640625 0.12083333333333333
3 0.7582031250000001 0.6083333333333334 0.48359375000000004 0.6861111111111111
2 0.169921875 0.35694444444444445 0.08984375 0.09444444444444444
