1 0.34140625 0.07986111111111112 0.203125 0.15972222222222224
3 0.013281250000000001 0.12638888888888888 0.026562500000000003 0.25277777777777777
2 0.39765625000000004 0.7409722222222223 0.0890625 0.20416666666666666
0 0.35664062500000004 0.4354166666666667 0.07109375 0.1486111111111111
0 0.15195312500000002 0.40625 0.08203125 0.14583333333333334
0 0.111328125 0.7451388888888889 0.09453125000000001 0.1625
0 0.09843750000000001 0.7423611111111111 0.1 0.17083333333333334
0 0.16367187500000002 0.8250000000000001 0.09296875 0.16944444444444445
0 0.153125 0.8270833333333334 0.09843750000000001 0.17916666666666667
3 0.61484375 0.9381944444444444 0.24375000000000002 0.12361111111111112
3 0.0 0.8972222222222223 0.0 0.20555555555555557
2 0.11640625 0.1840277777777778 0.1015625 0.18472222222222223
