1 0.573828125 0.18125 0.24140625000000002 0.3625
2 0.209765625 0.6416666666666667 0.13515625 0.22222222222222224
0 0.346484375 0.425 0.06953125 0.09722222222222222
0 0.25625000000000003 0.14027777777777778 0.065625 0.09444444444444444
0 0.09296875 0.26944444444444443 0.07968750000000001 0.09444444444444444
0 0.08046875 0.24444444444444446 0.084375 0.1
0 0.08046875 0.37083333333333335 0.08281250000000001 0.09722222222222222
0 0.066796875 0.3506944444444445 0.08828125 0.10138888888888889
3 0.12382812500000001 0.9541666666666667 0.24765625000000002 0.09166666666666667
3 0.01171875 0.13958333333333334 0.0234375 0.2791666666666667
2 0.34023437500000003 0.035416666666666666 0.10234375000000001 0.07083333333333333
