1 0.178125 0.23333333333333334 0.203125 0.3527777777777778
2 0.558203125 0.47847222222222224 0.15234375 0.22361111111111112
0 0.36835937500000004 0.42291666666666666 0.06953125 0.11527777777777778
0 0.16640625 0.5826388888888889 0.07500000000000001 0.17083333333333334
0 0.354296875 0.8381944444444445 0.12421875 0.28194444444444444
0 0.354296875 0.7583333333333334 0.12890625 0.2777777777777778
0 0.470703125 0.7958333333333334 0.13515625 0.2611111111111111
0 0.47500000000000003 0.7194444444444444 0.140625 0.25833333333333336
3 0.823828125 0.40694444444444444 0.27109375 0.3194444444444445
2 0.041015625 0.5013888888888889 0.08203125 0.23611111111111113
