1 0.19648437500000002 0.3402777777777778 0.28515625 0.5750000000000001
3 0.9128906250000001 0.6444444444444445 0.17421875 0.7111111111111111
2 0.4078125 0.3611111111111111 0.08281250000000001 0.09444444444444444
0 0.36640625000000004 0.41250000000000003 0.07500000000000001 0.07222222222222223
0 0.56796875 0.45763888888888893 0.09843750000000001 0.09583333333333334
0 0.6238281250000001 0.40555555555555556 0.07734375 0.06944444444444445
0 0.6257812500000001 0.35694444444444445 0.078125 0.0638888888888889
0 0.58125 0.3902777777777778 0.0703125 0.061111111111111116
0 0.583203125 0.3458333333333333 0.07109375 0.058333333333333334
3 0.36328125 0.3076388888888889 0.0703125 0.12916666666666668
3 0.8210937500000001 0.3527777777777778 0.1796875 0.20277777777777778
2 0.59296875 0.5263888888888889 0.16875 0.24722222222222223
