1 0.6453125000000001 0.28402777777777777 0.22031250000000002 0.4847222222222222
2 0.160546875 0.49444444444444446 0.12421875 0.1638888888888889
0 0.34375 0.41458333333333336 0.08281250000000001 0.1375
0 0.347265625 0.08819444444444445 0.07421875 0.12638888888888888
0 0.172265625 0.08541666666666667 0.08203125 0.12638888888888888
0 0.1640625 0.059722222222222225 0.0859375 0.11944444444444445
0 0.13515625 0.16319444444444445 0.0859375 0.12916666666666668
0 0.12460937500000001 0.13472222222222222 0.08984375 0.13611111111111113
3 0.046484375 0.8305555555555556 0.09296875 0.3388888888888889
2 0.47382812500000004 0.03680555555555556 0.09453125000000001 0.07361111111111111
