1 0.71015625 0.22569444444444445 0.375 0.4513888888888889
3 0.358203125 0.09166666666666667 0.13203125000000002 0.18333333333333335
2 0.058984375000000006 0.5819444444444445 0.11796875000000001 0.4361111111111111
0 0.333984375 0.42083333333333334 0.12890625 0.15555555555555556
0 0.265234375 0.2465277777777778 0.08984375 0.09305555555555556
0 0.042578125 0.2847222222222222 0.08515625 0.10555555555555556
0 0.0390625 0.21736111111111112 0.078125 0.10416666666666667
0 0.015234375000000001 0.3354166666666667 0.030468750000000003 0.12361111111111112
0 0.01015625 0.2604166666666667 0.0203125 0.12083333333333333
3 0.0054687500000000005 0.1590277777777778 0.010937500000000001 0.27361111111111114
2 0.390234375 0.18055555555555555 0.11015625000000001 0.13611111111111113
