1 0.216796875 0.8097222222222222 0.32734375000000004 0.3805555555555556
2 0.401953125 0.11805555555555557 0.10546875 0.21944444444444444
0 0.36562500000000003 0.39375 0.08281250000000001 0.14583333333333334
0 0.5671875000000001 0.5847222222222223 0.096875 0.1527777777777778
0 0.6421875 0.2965277777777778 0.0921875 0.14305555555555557
0 0.655859375 0.27222222222222225 0.09765625 0.15
0 0.603125 0.20833333333333334 0.08750000000000001 0.1388888888888889
0 0.614453125 0.18125 0.09296875 0.14583333333333334
3 0.323828125 0.0 0.09921875000000001 0.0
3 0.875 0.21666666666666667 0.22031250000000002 0.33333333333333337
2 0.575390625 0.8840277777777779 0.14765625000000002 0.23194444444444445
