1 0.5375 0.28402777777777777 0.16718750000000002 0.30694444444444446
3 0.33710937500000004 0.2972222222222222 0.09140625000000001 0.11944444444444445
2 0.18476562500000002 0.4395833333333333 0.12890625 0.1625
0 0.34609375000000003 0.4166666666666667 0.06875 0.06944444444444445
0 0.286328125 0.3701388888888889 0.055468750000000004 0.051388888888888894
0 0.133203125 0.38472222222222224 0.07109375 0.05555555555555556
0 0.131640625 0.3402777777777778 0.07109375 0.05555555555555556
0 0.10312500000000001 0.4 0.07968750000000001 0.0638888888888889
0 0.10117187500000001 0.3513888888888889 0.08046875 0.061111111111111116
3 0.065625 0.5520833333333334 0.13125 0.5708333333333333
3 0.05 0.3229166666666667 0.1 0.1625
2 0.3640625 0.34097222222222223 0.07500000000000001 0.07916666666666666
