1 0.45742187500000003 0.27708333333333335 0.15703125 0.27083333333333337
3 0.20546875 0.30208333333333337 0.0921875 0.12638888888888888
2 0.2515625 0.4666666666666667 0.1609375 0.19444444444444445
0 0.350390625 0.41875 0.07890625000000001 0.0763888888888889
0 0.21835937500000002 0.3826388888888889 0.06328125 0.059722222222222225
0 0.05859375 0.42083333333333334 0.07968750000000001 0.07777777777777778
0 0.055468750000000004 0.3666666666666667 0.08125 0.07222222222222223
0 0.048046875 0.4430555555555556 0.08984375 0.08888888888888889
0 0.045312500000000006 0.38333333333333336 0.09062500000000001 0.08333333333333334
3 0.21484375 0.6375000000000001 0.40156250000000004 0.725
2 0.26875 0.3451388888888889 0.08125 0.08472222222222223
