1 0.634765625 0.29583333333333334 0.15703125 0.45833333333333337
3 0.567578125 0.3013888888888889 0.11640625 0.13333333333333333
2 0.168359375 0.3909722222222222 0.12421875 0.12638888888888888
0 0.3453125 0.41458333333333336 0.07968750000000001 0.08194444444444444
0 0.4109375 0.36736111111111114 0.060937500000000006 0.05694444444444444
0 0.280859375 0.3548611111111111 0.05390625 0.051388888888888894
0 0.280859375 0.31736111111111115 0.05390625 0.04861111111111111
0 0.238671875 0.36180555555555555 0.055468750000000004 0.05416666666666667
0 0.23789062500000002 0.3215277777777778 0.055468750000000004 0.051388888888888894
3 0.010546875 0.375 0.02109375 0.2638888888888889
3 0.2625 0.29375 0.08750000000000001 0.12083333333333333
2 0.525 0.35208333333333336 0.08125 0.09305555555555556
