1 0.537109375 0.15833333333333333 0.23203125000000002 0.31666666666666665
2 0.237109375 0.6736111111111112 0.13359375 0.22777777777777777
0 0.34804687500000003 0.42708333333333337 0.07265625 0.10972222222222222
0 0.233203125 0.1763888888888889 0.06953125 0.10555555555555556
0 0.084375 0.34444444444444444 0.078125 0.10833333333333334
0 0.071484375 0.3236111111111111 0.08203125 0.11388888888888889
0 0.082421875 0.4479166666666667 0.08046875 0.10972222222222222
0 0.069140625 0.43125 0.08515625 0.11527777777777778
3 0.19687500000000002 0.9722222222222222 0.22812500000000002 0.05555555555555556
3 0.0 0.22847222222222224 0.0 0.34305555555555556
2 0.29726562500000003 0.04652777777777778 0.10234375000000001 0.09305555555555556
