1 0.086328125 0.4673611111111111 0.17265625 0.4930555555555556
2 0.533203125 0.2833333333333333 0.11953125 0.17777777777777778
0 0.37148437500000003 0.4118055555555556 0.08046875 0.12638888888888888
0 0.40546875000000004 0.8236111111111112 0.09062500000000001 0.14166666666666666
0 0.6199218750000001 0.7701388888888889 0.09921875000000001 0.1375
0 0.634765625 0.76875 0.10546875 0.14583333333333334
0 0.6394531250000001 0.6458333333333334 0.09609375 0.13333333333333333
0 0.6546875000000001 0.6375000000000001 0.1015625 0.1388888888888889
3 0.6332031250000001 0.075 0.20078125000000002 0.15
3 0.852734375 0.9569444444444445 0.29453125 0.08611111111111111
2 0.24726562500000002 0.9493055555555556 0.13046875 0.10138888888888889
