1 0.423828125 0.1076388888888889 0.20546875 0.2152777777777778
3 0.060937500000000006 0.03888888888888889 0.12187500000000001 0.07777777777777778
2 0.32929687500000004 0.7256944444444444 0.11015625000000001 0.22083333333333335
0 0.35273437500000004 0.43333333333333335 0.07421875 0.13611111111111113
0 0.18125000000000002 0.3055555555555556 0.078125 0.13055555555555556
0 0.091015625 0.5743055555555556 0.08984375 0.14027777777777778
0 0.078515625 0.5638888888888889 0.09453125000000001 0.14722222222222223
0 0.1203125 0.6680555555555556 0.09062500000000001 0.14444444444444446
0 0.10859375 0.6618055555555555 0.09531250000000001 0.1513888888888889
3 0.45625000000000004 0.9791666666666667 0.1484375 0.04166666666666667
3 0.0 0.6375000000000001 0.0 0.2972222222222222
2 0.18906250000000002 0.09583333333333334 0.1015625 0.19166666666666668
