1 0.1875 0.13958333333333334 0.2484375 0.2791666666666667
2 0.51171875 0.6319444444444444 0.13593750000000002 0.2388888888888889
0 0.365234375 0.4326388888888889 0.05234375 0.1375
0 0.17343750000000002 0.6347222222222223 0.0578125 0.14444444444444446
0 0.273046875 0.945138888888889 0.06171875 0.10972222222222222
0 0.26796875000000003 0.9479166666666667 0.065625 0.10416666666666667
0 0.35000000000000003 0.9437500000000001 0.060937500000000006 0.1125
0 0.349609375 0.9465277777777779 0.06484375 0.10694444444444445
3 0.775 0.6722222222222223 0.2703125 0.35000000000000003
2 0.058203125 0.47708333333333336 0.11640625 0.23194444444444445
