1 0.48750000000000004 0.27847222222222223 0.1625 0.28194444444444444
3 0.253515625 0.3 0.09140625000000001 0.12222222222222223
2 0.223046875 0.45763888888888893 0.15546875000000002 0.18472222222222223
0 0.350390625 0.4173611111111111 0.07578125000000001 0.07361111111111111
0 0.24335937500000002 0.3770833333333333 0.057031250000000006 0.05694444444444444
0 0.083203125 0.40555555555555556 0.07734375 0.06944444444444445
0 0.08085937500000001 0.35555555555555557 0.07734375 0.0638888888888889
0 0.06406250000000001 0.425 0.08750000000000001 0.07777777777777778
0 0.061328125000000004 0.3701388888888889 0.08828125 0.07361111111111111
3 0.152734375 0.6291666666666667 0.30546875 0.7138888888888889
3 0.0074218750000000005 0.34375 0.014843750000000001 0.19861111111111113
2 0.302734375 0.3423611111111111 0.07890625000000001 0.08194444444444444
