1 0.42812500000000003 0.3368055555555556 0.3171875 0.5375
3 0.900390625 0.4083333333333333 0.19921875 0.29444444444444445
2 0.31562500000000004 0.3597222222222222 0.0578125 0.08888888888888889
0 0.35703125 0.4118055555555556 0.0625 0.07361111111111111
0 0.553125 0.4104166666666667 0.051562500000000004 0.07361111111111111
0 0.50703125 0.36875 0.0421875 0.05416666666666667
0 0.5085937500000001 0.33055555555555555 0.0421875 0.05
0 0.462890625 0.36388888888888893 0.04296875 0.05
0 0.46328125000000003 0.3263888888888889 0.0421875 0.04722222222222222
3 0.213671875 0.3145833333333333 0.08671875000000001 0.14027777777777778
3 0.59296875 0.3125 0.1171875 0.13611111111111113
2 0.6843750000000001 0.4361111111111111 0.1453125 0.15
