3 0.9164062500000001 0.13333333333333333 0.16718750000000002 0.26666666666666666
2 0.0734375 0.2590277777777778 0.146875 0.3125
0 0.337890625 0.40625 0.16640625 0.2791666666666667
0 0.590234375 0.2215277777777778 0.13984375000000002 0.1486111111111111
0 0.36445312500000004 0.14583333333333334 0.08046875 0.10277777777777779
0 0.36484375 0.0763888888888889 0.08281250000000001 0.09722222222222222
0 0.28359375000000003 0.15208333333333335 0.0765625 0.10694444444444445
0 0.28164062500000003 0.08125 0.07890625000000001 0.10138888888888889
3 0.38515625000000003 0.06319444444444444 0.15156250000000002 0.12638888888888888
2 0.878125 0.2388888888888889 0.24375000000000002 0.2916666666666667
