1 0.810546875 0.2833333333333333 0.37890625 0.5666666666666667
3 0.49140625000000004 0.08819444444444445 0.15156250000000002 0.1763888888888889
2 0.047265625000000006 0.4708333333333333 0.09453125000000001 0.34444444444444444
0 0.331640625 0.41944444444444445 0.15546875000000002 0.19722222222222224
0 0.34023437500000003 0.2263888888888889 0.09609375 0.10277777777777779
0 0.11210937500000001 0.22708333333333333 0.10546875 0.10416666666666667
0 0.105859375 0.1625 0.10859375 0.1
0 0.050390625 0.2625 0.10078125 0.11944444444444445
0 0.046875 0.19097222222222224 0.09375 0.11527777777777778
3 0.065234375 0.10625 0.13046875 0.2125
2 0.49531250000000004 0.1736111111111111 0.1203125 0.1388888888888889
