1 0.462890625 0.12222222222222223 0.20703125 0.24444444444444446
3 0.110546875 0.009027777777777779 0.13359375 0.018055555555555557
2 0.2984375 0.7111111111111111 0.11875000000000001 0.225
0 0.3515625 0.43125 0.07500000000000001 0.12916666666666668
0 0.197265625 0.2604166666666667 0.07578125000000001 0.12361111111111112
0 0.086328125 0.49722222222222223 0.08671875000000001 0.13055555555555556
0 0.07382812500000001 0.48333333333333334 0.09140625000000001 0.13611111111111113
0 0.10507812500000001 0.5958333333333333 0.08828125 0.13333333333333333
0 0.09296875 0.5861111111111111 0.09375 0.1388888888888889
3 0.36953125000000003 0.9833333333333334 0.14375000000000002 0.03333333333333333
3 0.0 0.49583333333333335 0.0 0.3055555555555556
2 0.22382812500000002 0.07777777777777778 0.10234375000000001 0.15555555555555556
