1 0.55390625 0.7479166666666667 0.3046875 0.4430555555555556
3 0.83515625 0.24375000000000002 0.240625 0.32916666666666666
2 0.23593750000000002 0.20277777777777778 0.1046875 0.2111111111111111
0 0.35195312500000003 0.3944444444444445 0.04609375 0.1277777777777778
0 0.521875 0.23958333333333334 0.05625 0.12361111111111112
0 0.43281250000000004 0.03819444444444445 0.045312500000000006 0.0763888888888889
0 0.435546875 0.02361111111111111 0.047656250000000004 0.04722222222222222
0 0.377734375 0.03680555555555556 0.041406250000000006 0.07361111111111111
0 0.378515625 0.022222222222222223 0.04296875 0.044444444444444446
3 0.066796875 0.1423611111111111 0.13359375 0.2847222222222222
2 0.65 0.36597222222222225 0.134375 0.21805555555555556
