1 0.29140625000000003 0.1701388888888889 0.178125 0.3180555555555556
2 0.50703125 0.6048611111111112 0.184375 0.3180555555555556
0 0.35859375000000004 0.4277777777777778 0.0734375 0.13055555555555556
0 0.08671875000000001 0.46319444444444446 0.1125 0.14305555555555557
0 0.046484375 0.7777777777777778 0.09296875 0.2833333333333333
0 0.041015625 0.6895833333333333 0.08203125 0.2791666666666667
0 0.10039062500000001 0.8423611111111111 0.18671875000000002 0.31527777777777777
0 0.09335937500000001 0.7534722222222222 0.18671875000000002 0.31527777777777777
3 0.8703125 0.6965277777777779 0.259375 0.6069444444444445
2 0.053515625000000004 0.33958333333333335 0.10703125000000001 0.16527777777777777
