1 0.587890625 0.325 0.25546875 0.5222222222222223
3 0.718359375 0.3277777777777778 0.14140625 0.16666666666666669
2 0.22968750000000002 0.3729166666666667 0.0921875 0.10694444444444445
0 0.350390625 0.41250000000000003 0.055468750000000004 0.075
0 0.48281250000000003 0.37986111111111115 0.05625 0.059722222222222225
0 0.38203125000000004 0.3548611111111111 0.040625 0.04861111111111111
0 0.382421875 0.31875000000000003 0.041406250000000006 0.04583333333333334
0 0.338671875 0.35625 0.03828125 0.04861111111111111
0 0.338671875 0.3201388888888889 0.03828125 0.04583333333333334
3 0.062109375 0.33819444444444446 0.12421875 0.18472222222222223
3 0.40390625 0.2972222222222222 0.09062500000000001 0.11666666666666667
2 0.610546875 0.3791666666666667 0.11015625000000001 0.11111111111111112
