1 0.20390625 0.2152777777777778 0.19687500000000002 0.3416666666666667
2 0.556640625 0.5090277777777777 0.16796875 0.24861111111111112
0 0.3671875 0.42430555555555555 0.0625 0.11527777777777778
0 0.130859375 0.5569444444444445 0.08203125 0.16111111111111112
0 0.260546875 0.8506944444444445 0.10234375000000001 0.2847222222222222
0 0.25546875 0.7680555555555556 0.1078125 0.2833333333333333
0 0.392578125 0.8333333333333334 0.11640625 0.2777777777777778
0 0.394140625 0.7513888888888889 0.12265625000000001 0.275
3 0.8621093750000001 0.4708333333333333 0.27578125000000003 0.39722222222222225
2 0.035937500000000004 0.45555555555555555 0.07187500000000001 0.21944444444444444
