1 0.259375 0.09652777777777778 0.21875 0.19305555555555556
2 0.464453125 0.7069444444444445 0.11640625 0.225
0 0.36054687500000004 0.4354166666666667 0.05859375 0.14305555555555557
0 0.147265625 0.5229166666666667 0.07578125000000001 0.14583333333333334
0 0.174609375 0.8958333333333334 0.08203125 0.16944444444444445
0 0.16367187500000002 0.9013888888888889 0.08828125 0.18055555555555555
0 0.24453125 0.9256944444444445 0.0765625 0.1486111111111111
0 0.23789062500000002 0.9270833333333334 0.08203125 0.14583333333333334
3 0.7292968750000001 0.8555555555555556 0.28671875 0.2888888888888889
2 0.0671875 0.31527777777777777 0.10312500000000001 0.20833333333333334
