1 0.109765625 0.28958333333333336 0.21953125 0.4041666666666667
2 0.54609375 0.40347222222222223 0.1078125 0.1625
0 0.36953125000000003 0.41875 0.07968750000000001 0.10972222222222222
0 0.28046875 0.638888888888889 0.1125 0.18611111111111112
0 0.568359375 0.7430555555555556 0.14296875 0.22777777777777777
0 0.57578125 0.6722222222222223 0.1484375 0.225
0 0.62109375 0.6631944444444444 0.1328125 0.19583333333333333
0 0.62890625 0.5965277777777778 0.1375 0.19305555555555556
3 0.6828125 0.2923611111111111 0.18281250000000002 0.2152777777777778
3 0.8285156250000001 0.9166666666666667 0.34296875000000004 0.16666666666666669
2 0.075390625 0.6430555555555556 0.15078125 0.28055555555555556
