1 0.43125 0.2715277777777778 0.15625 0.26805555555555555
3 0.1546875 0.30347222222222225 0.096875 0.13472222222222222
2 0.28359375000000003 0.47500000000000003 0.16562500000000002 0.20833333333333334
0 0.3515625 0.41875 0.08281250000000001 0.08194444444444444
0 0.193359375 0.38819444444444445 0.07109375 0.06527777777777778
0 0.039843750000000004 0.43819444444444444 0.07968750000000001 0.09027777777777778
0 0.03828125 0.3770833333333333 0.0765625 0.08472222222222223
0 0.042578125 0.4638888888888889 0.08515625 0.10555555555555556
0 0.041015625 0.39583333333333337 0.08203125 0.09722222222222222
3 0.45429687500000004 0.6333333333333333 0.41015625 0.7333333333333334
2 0.23398437500000002 0.34652777777777777 0.08515625 0.08750000000000001
