3 0.859375 0.11041666666666668 0.28125 0.22083333333333335
2 0.062890625 0.2986111111111111 0.12578125 0.3277777777777778
0 0.33671875 0.4118055555555556 0.17343750000000002 0.2652777777777778
0 0.528515625 0.21666666666666667 0.12421875 0.13611111111111113
0 0.30703125000000003 0.15694444444444444 0.08281250000000001 0.10277777777777779
0 0.30585937500000004 0.09027777777777778 0.08515625 0.09722222222222222
0 0.23007812500000002 0.16944444444444445 0.08359375000000001 0.10833333333333334
0 0.2265625 0.09861111111111112 0.0859375 0.10277777777777779
3 0.30898437500000003 0.06666666666666667 0.14609375 0.13333333333333333
2 0.7800781250000001 0.2111111111111111 0.21328125 0.2388888888888889
