1 0.09843750000000001 0.5430555555555556 0.19687500000000002 0.513888888888889
2 0.517578125 0.24027777777777778 0.12421875 0.19722222222222224
0 0.37109375 0.40902777777777777 0.0765625 0.1125
0 0.44375000000000003 0.8069444444444445 0.08750000000000001 0.12222222222222223
0 0.646484375 0.6902777777777778 0.09296875 0.11666666666666667
0 0.6628906250000001 0.6840277777777778 0.09921875000000001 0.12361111111111112
0 0.653515625 0.5652777777777778 0.08984375 0.11388888888888889
0 0.66953125 0.5527777777777778 0.09531250000000001 0.12222222222222223
3 0.586328125 0.04791666666666667 0.18671875000000002 0.09583333333333334
3 0.8777343750000001 0.8833333333333334 0.24453125 0.23333333333333334
2 0.30546875 0.9569444444444445 0.1421875 0.08611111111111111
