1 0.260546875 0.1840277777777778 0.18046875 0.3236111111111111
2 0.532421875 0.5729166666666667 0.18671875000000002 0.2986111111111111
0 0.3609375 0.42638888888888893 0.060937500000000006 0.12222222222222223
0 0.09335937500000001 0.4951388888888889 0.10703125000000001 0.14583333333333334
0 0.078125 0.81875 0.15625 0.28194444444444444
0 0.07382812500000001 0.732638888888889 0.14765625000000002 0.2791666666666667
0 0.19492187500000002 0.8541666666666667 0.14921875 0.2916666666666667
0 0.18671875000000002 0.7701388888888889 0.15781250000000002 0.2986111111111111
3 0.8753906250000001 0.6708333333333334 0.24921875000000002 0.6583333333333333
2 0.041406250000000006 0.375 0.08281250000000001 0.18333333333333335
