1 0.15781250000000002 0.33125 0.2578125 0.5819444444444445
3 0.8968750000000001 0.64375 0.20625000000000002 0.7125
2 0.431640625 0.36180555555555555 0.08984375 0.09861111111111112
0 0.369140625 0.41250000000000003 0.07578125000000001 0.07222222222222223
0 0.5625 0.47222222222222227 0.109375 0.10277777777777779
0 0.654296875 0.41805555555555557 0.08984375 0.075
0 0.6570312500000001 0.36458333333333337 0.09062500000000001 0.07083333333333333
0 0.61328125 0.4 0.07968750000000001 0.06666666666666667
0 0.615234375 0.3513888888888889 0.08046875 0.0638888888888889
3 0.401171875 0.30625 0.07890625000000001 0.13194444444444445
3 0.896484375 0.37083333333333335 0.20703125 0.24444444444444446
2 0.5453125 0.5513888888888889 0.20468750000000002 0.28055555555555556
