1 0.6101562500000001 0.3138888888888889 0.21875 0.5166666666666667
3 0.669921875 0.31666666666666665 0.13359375 0.1527777777777778
2 0.20664062500000002 0.37777777777777777 0.10390625 0.11388888888888889
0 0.3484375 0.4131944444444445 0.065625 0.07916666666666666
0 0.46132812500000003 0.37430555555555556 0.05859375 0.059722222222222225
0 0.349609375 0.35347222222222224 0.04453125 0.04861111111111111
0 0.34921875 0.31666666666666665 0.045312500000000006 0.04722222222222222
0 0.30625 0.35625 0.043750000000000004 0.051388888888888894
0 0.30585937500000004 0.31875000000000003 0.04453125 0.04861111111111111
3 0.043359375000000006 0.3472222222222222 0.08671875000000001 0.20555555555555557
3 0.35781250000000003 0.29444444444444445 0.0890625 0.11666666666666667
2 0.5867187500000001 0.3680555555555556 0.1015625 0.10555555555555556
