1 0.3015625 0.07916666666666666 0.2078125 0.15833333333333333
3 0.0 0.18680555555555556 0.0 0.35694444444444445
2 0.434375 0.7347222222222223 0.1 0.20833333333333334
0 0.35859375000000004 0.4361111111111111 0.0671875 0.15
0 0.143359375 0.4638888888888889 0.08203125 0.15
0 0.134375 0.8319444444444445 0.0921875 0.17222222222222222
0 0.12187500000000001 0.8340277777777778 0.09843750000000001 0.18194444444444446
0 0.19765625 0.8965277777777778 0.0890625 0.17916666666666667
0 0.18867187500000002 0.9034722222222222 0.09453125000000001 0.1902777777777778
3 0.684765625 0.90625 0.27890625 0.1875
3 0.013671875 0.9673611111111111 0.02734375 0.06527777777777778
2 0.084375 0.24305555555555555 0.09843750000000001 0.19166666666666668
