1 0.574609375 0.6659722222222223 0.28515625 0.44583333333333336
3 0.7800781250000001 0.14027777777777778 0.20703125 0.28055555555555556
2 0.21875 0.24375000000000002 0.11093750000000001 0.20694444444444446
0 0.35000000000000003 0.39722222222222225 0.0546875 0.13333333333333333
0 0.49531250000000004 0.20347222222222222 0.059375000000000004 0.12638888888888888
0 0.389453125 0.03819444444444445 0.049218750000000006 0.0763888888888889
0 0.390625 0.02361111111111111 0.051562500000000004 0.04722222222222222
0 0.3359375 0.043055555555555555 0.0484375 0.08611111111111111
0 0.33515625000000004 0.029166666666666667 0.05 0.058333333333333334
3 0.05625 0.21875 0.1125 0.2986111111111111
2 0.624609375 0.28958333333333336 0.12734375 0.20972222222222223
