1 0.153125 0.7312500000000001 0.28125 0.5180555555555556
2 0.453125 0.16944444444444445 0.1125 0.20833333333333334
0 0.36875 0.40069444444444446 0.07500000000000001 0.11527777777777778
0 0.5171875 0.68125 0.09062500000000001 0.12083333333333333
0 0.6472656250000001 0.45833333333333337 0.09140625000000001 0.11666666666666667
0 0.661328125 0.4430555555555556 0.09765625 0.12222222222222223
0 0.626953125 0.35555555555555557 0.08828125 0.11388888888888889
0 0.6394531250000001 0.33472222222222225 0.09296875 0.11944444444444445
3 0.440234375 0.0125 0.12578125 0.025
3 0.8871093750000001 0.5069444444444444 0.21328125 0.3527777777777778
2 0.462890625 0.9187500000000001 0.14453125 0.1625
