1 0.33710937500000004 0.8506944444444445 0.29453125 0.2986111111111111
3 0.868359375 0.84375 0.26328125 0.3125
2 0.34296875000000004 0.12638888888888888 0.08281250000000001 0.19166666666666668
0 0.3609375 0.3923611111111111 0.0734375 0.14583333333333334
0 0.5671875000000001 0.45972222222222225 0.08125 0.15
0 0.5808593750000001 0.17569444444444446 0.07421875 0.1375
0 0.590234375 0.1486111111111111 0.07734375 0.14444444444444446
0 0.5339843750000001 0.11597222222222223 0.07109375 0.13472222222222222
0 0.541015625 0.08750000000000001 0.07421875 0.14166666666666666
3 0.22226562500000002 0.02291666666666667 0.12265625000000001 0.04583333333333334
3 0.7562500000000001 0.08888888888888889 0.19687500000000002 0.17777777777777778
2 0.6257812500000001 0.7215277777777778 0.109375 0.2152777777777778
