1 0.35546875 0.15763888888888888 0.184375 0.31527777777777777
3 0.014453125 0.21458333333333335 0.02890625 0.23750000000000002
2 0.40156250000000004 0.6645833333333333 0.171875 0.3819444444444445
0 0.354296875 0.42847222222222225 0.09765625 0.14583333333333334
0 0.09609375 0.39861111111111114 0.1125 0.13333333333333333
0 0.000390625 0.65625 0.00078125 0.24861111111111112
0 0.0 0.5715277777777777 0.0 0.24305555555555555
0 0.028125 0.7555555555555555 0.05625 0.3027777777777778
0 0.021875000000000002 0.6631944444444444 0.043750000000000004 0.29583333333333334
3 0.821484375 0.7722222222222223 0.35703125 0.45555555555555555
2 0.107421875 0.28055555555555556 0.12109375 0.14722222222222223
