1 0.31484375000000003 0.26944444444444443 0.1453125 0.25277777777777777
3 0.0 0.3368055555555556 0.0 0.19305555555555556
2 0.46406250000000004 0.46944444444444444 0.1375 0.19444444444444445
0 0.358203125 0.4201388888888889 0.06640625 0.08194444444444444
0 0.13007812500000002 0.4277777777777778 0.08984375 0.08611111111111111
0 0.059765625 0.5298611111111111 0.11953125 0.1486111111111111
0 0.058203125 0.4451388888888889 0.11640625 0.13472222222222222
0 0.125 0.5541666666666667 0.1453125 0.1638888888888889
0 0.12109375 0.46319444444444446 0.1484375 0.1486111111111111
3 0.829296875 0.51875 0.34140625 0.5236111111111111
2 0.10390625 0.3736111111111111 0.09375 0.10833333333333334
