1 0.09296875 0.33333333333333337 0.1859375 0.44722222222222224
3 0.056640625 0.9006944444444445 0.11328125 0.19861111111111113
2 0.528515625 0.36319444444444443 0.10703125000000001 0.13194444444444445
0 0.37031250000000004 0.41597222222222224 0.07968750000000001 0.10138888888888889
0 0.374609375 0.6479166666666667 0.11640625 0.1763888888888889
0 0.6531250000000001 0.6493055555555556 0.1203125 0.1763888888888889
0 0.6628906250000001 0.5826388888888889 0.12421875 0.1736111111111111
0 0.665625 0.56875 0.1078125 0.1486111111111111
0 0.6746093750000001 0.5083333333333333 0.11171875 0.14722222222222223
3 0.6015625 0.24861111111111112 0.146875 0.2
3 0.931640625 0.7833333333333333 0.13671875 0.43333333333333335
2 0.134375 0.7319444444444445 0.2078125 0.2833333333333333
