1 0.646484375 0.4416666666666667 0.24609375 0.5194444444444445
3 0.6429687500000001 0.0 0.1859375 0.0
2 0.15937500000000002 0.3770833333333333 0.13593750000000002 0.20972222222222223
0 0.34375 0.4048611111111111 0.08125 0.15416666666666667
0 0.415625 0.09861111111111112 0.07500000000000001 0.14166666666666666
0 0.253515625 0.03819444444444445 0.07265625 0.0763888888888889
0 0.24921875000000002 0.022222222222222223 0.0765625 0.044444444444444446
0 0.20468750000000002 0.06527777777777778 0.0765625 0.13055555555555556
0 0.19765625 0.050694444444444445 0.07968750000000001 0.10138888888888889
3 0.02109375 0.5618055555555556 0.0421875 0.2652777777777778
2 0.55625 0.08611111111111111 0.115625 0.17222222222222222
