1 0.11679687500000001 0.22222222222222224 0.23359375000000002 0.4444444444444445
3 0.005078125 0.9784722222222223 0.01015625 0.043055555555555555
2 0.554296875 0.4881944444444445 0.13828125 0.2263888888888889
0 0.37031250000000004 0.42638888888888893 0.078125 0.15555555555555556
0 0.248046875 0.7819444444444444 0.08828125 0.17500000000000002
0 0.443359375 0.9506944444444445 0.09609375 0.09861111111111112
0 0.448828125 0.9534722222222223 0.10234375000000001 0.09305555555555556
0 0.509765625 0.9159722222222223 0.09921875000000001 0.16805555555555557
0 0.51875 0.9166666666666667 0.10625000000000001 0.16666666666666669
3 0.77890625 0.32569444444444445 0.2421875 0.25972222222222224
2 0.07695312500000001 0.7465277777777778 0.15390625000000002 0.24305555555555555
