1 0.34375 0.2729166666666667 0.1390625 0.24305555555555555
3 0.03125 0.3263888888888889 0.0625 0.16666666666666669
2 0.412109375 0.4701388888888889 0.11171875 0.1875
0 0.35625 0.41944444444444445 0.07187500000000001 0.08055555555555556
0 0.14921875 0.4138888888888889 0.08281250000000001 0.07777777777777778
0 0.051953125 0.49722222222222223 0.10390625 0.125
0 0.050390625 0.4236111111111111 0.10078125 0.11388888888888889
0 0.091015625 0.5229166666666667 0.13515625 0.14027777777777778
0 0.08750000000000001 0.4416666666666667 0.1375 0.1277777777777778
3 0.7890625 0.5520833333333334 0.421875 0.5652777777777778
2 0.144921875 0.36388888888888893 0.08828125 0.09722222222222222
