1 0.10820312500000001 0.2548611111111111 0.21640625000000002 0.5013888888888889
2 0.54921875 0.43333333333333335 0.125 0.20277777777777778
0 0.370703125 0.42291666666666666 0.07890625000000001 0.1486111111111111
0 0.286328125 0.7972222222222223 0.08984375 0.16944444444444445
0 0.4921875 0.9270833333333334 0.1 0.14583333333333334
0 0.5 0.9284722222222223 0.10625000000000001 0.14305555555555557
0 0.546875 0.8569444444444445 0.1 0.17500000000000002
0 0.5574218750000001 0.8611111111111112 0.10703125000000001 0.18611111111111112
3 0.740234375 0.22986111111111113 0.22734375 0.2652777777777778
2 0.111328125 0.8173611111111111 0.15546875000000002 0.2263888888888889
