1 0.13007812500000002 0.19236111111111112 0.26015625000000003 0.38472222222222224
3 0.0 0.8895833333333334 0.0 0.22083333333333335
2 0.541015625 0.5375 0.13828125 0.23055555555555557
0 0.36835937500000004 0.4291666666666667 0.06953125 0.15
0 0.220703125 0.7312500000000001 0.07890625000000001 0.1625
0 0.384765625 0.9506944444444445 0.08359375000000001 0.09861111111111112
0 0.386328125 0.9534722222222223 0.08828125 0.09305555555555556
0 0.45625000000000004 0.9270833333333334 0.08750000000000001 0.14583333333333334
0 0.46210937500000004 0.9284722222222223 0.09296875 0.14305555555555557
3 0.7777343750000001 0.4375 0.23359375000000002 0.2833333333333333
2 0.06953125 0.6486111111111111 0.1390625 0.23611111111111113
