1 0.602734375 0.2923611111111111 0.16171875000000002 0.3625
3 0.465625 0.2986111111111111 0.1 0.12222222222222223
2 0.158984375 0.4083333333333333 0.12734375 0.13055555555555556
0 0.34414062500000003 0.4152777777777778 0.07890625000000001 0.07777777777777778
0 0.35703125 0.3666666666666667 0.059375000000000004 0.05277777777777778
0 0.21835937500000002 0.36458333333333337 0.06015625 0.051388888888888894
0 0.217578125 0.325 0.06015625 0.05
0 0.180078125 0.37430555555555556 0.06484375 0.05694444444444444
0 0.17890625000000002 0.33263888888888893 0.065625 0.05416666666666667
3 0.003515625 0.43125 0.00703125 0.3513888888888889
3 0.17304687500000002 0.30347222222222225 0.09921875000000001 0.12916666666666668
2 0.456640625 0.34444444444444444 0.06953125 0.08055555555555556
