1 0.83984375 0.3472222222222222 0.3203125 0.6944444444444444
3 0.56640625 0.08888888888888889 0.171875 0.17777777777777778
2 0.046875 0.425 0.09375 0.3472222222222222
0 0.3328125 0.41805555555555557 0.16562500000000002 0.21666666666666667
0 0.38320312500000003 0.22013888888888888 0.10078125 0.10972222222222222
0 0.15937500000000002 0.20486111111111113 0.09843750000000001 0.10416666666666667
0 0.15390625000000002 0.14097222222222222 0.1015625 0.09861111111111112
0 0.086328125 0.23333333333333334 0.11015625000000001 0.11666666666666667
0 0.078515625 0.1625 0.11328125 0.11111111111111112
3 0.10859375 0.09166666666666667 0.1625 0.18333333333333335
2 0.555078125 0.1763888888888889 0.12890625 0.15555555555555556
