1 0.141015625 0.33125 0.20078125000000002 0.5180555555555556
3 0.8191406250000001 0.6520833333333333 0.36171875000000003 0.6958333333333334
2 0.45156250000000003 0.36597222222222225 0.0921875 0.09861111111111112
0 0.369921875 0.4131944444444445 0.06953125 0.06805555555555556
0 0.5320312500000001 0.48194444444444445 0.1078125 0.1
0 0.663671875 0.4340277777777778 0.09609375 0.0763888888888889
0 0.6664062500000001 0.37777777777777777 0.096875 0.07222222222222223
0 0.62890625 0.4131944444444445 0.084375 0.06805555555555556
0 0.630859375 0.3625 0.08515625 0.0638888888888889
3 0.43867187500000004 0.30972222222222223 0.08671875000000001 0.13333333333333333
3 0.917578125 0.39861111111111114 0.16484375 0.28055555555555556
2 0.4609375 0.5555555555555556 0.2078125 0.275
