1 0.8718750000000001 0.44722222222222224 0.25625000000000003 0.8944444444444445
3 0.6484375 0.09166666666666667 0.19843750000000002 0.18333333333333335
2 0.049609375000000004 0.38125000000000003 0.09921875000000001 0.3458333333333333
0 0.33320312500000004 0.4166666666666667 0.17109375000000002 0.23333333333333334
0 0.4265625 0.21666666666666667 0.10625000000000001 0.11666666666666667
0 0.205859375 0.18611111111111112 0.09296875 0.10277777777777779
0 0.201953125 0.12222222222222223 0.09453125000000001 0.09722222222222222
0 0.13125 0.20833333333333334 0.1 0.11388888888888889
0 0.125 0.13958333333333334 0.10312500000000001 0.10694444444444445
3 0.172265625 0.08055555555555556 0.15078125 0.16111111111111112
2 0.61875 0.1826388888888889 0.1453125 0.1763888888888889
