1 0.630859375 0.23402777777777778 0.23828125 0.46805555555555556
2 0.17148437500000002 0.55 0.12109375 0.18611111111111112
0 0.34414062500000003 0.41805555555555557 0.08046875 0.125
0 0.3140625 0.09444444444444444 0.07187500000000001 0.11666666666666667
0 0.13789062500000002 0.13680555555555557 0.08359375000000001 0.11805555555555557
0 0.127734375 0.10694444444444445 0.08828125 0.12222222222222223
0 0.107421875 0.225 0.08828125 0.11944444444444445
0 0.095703125 0.19861111111111113 0.09296875 0.125
3 0.067578125 0.8854166666666667 0.13515625 0.22916666666666669
3 0.053125000000000006 0.034722222222222224 0.10625000000000001 0.06944444444444445
2 0.43046875 0.029861111111111113 0.09843750000000001 0.059722222222222225
