1 0.394140625 0.16111111111111112 0.19609375 0.32222222222222224
3 0.041796875000000004 0.18333333333333335 0.08359375000000001 0.21666666666666667
2 0.33671875 0.6902777777777778 0.215625 0.43333333333333335
0 0.35195312500000003 0.4291666666666667 0.10703125000000001 0.15
0 0.109375 0.3701388888888889 0.1078125 0.12638888888888888
0 0.0 0.5916666666666667 0.0 0.225
0 0.003515625 0.69375 0.00703125 0.2763888888888889
0 0.0 0.6020833333333333 0.0 0.27083333333333337
3 0.7703125000000001 0.8270833333333334 0.45937500000000003 0.3458333333333333
2 0.141015625 0.2576388888888889 0.11953125 0.14583333333333334
