1 0.38398437500000004 0.09236111111111112 0.20546875 0.18472222222222223
3 0.034375 0.07916666666666666 0.06875 0.15833333333333333
2 0.36328125 0.7375 0.1015625 0.21666666666666667
0 0.35468750000000004 0.43472222222222223 0.0734375 0.14166666666666666
0 0.16484375 0.3527777777777778 0.08125 0.1388888888888889
0 0.09765625 0.6590277777777778 0.09375 0.1513888888888889
0 0.084375 0.6520833333333333 0.09843750000000001 0.15972222222222224
0 0.13828125 0.7465277777777778 0.09375 0.15694444444444444
0 0.126953125 0.7444444444444445 0.09921875000000001 0.1638888888888889
3 0.5375 0.9618055555555556 0.2 0.0763888888888889
3 0.0 0.8173611111111111 0.0 0.3652777777777778
2 0.15195312500000002 0.13541666666666669 0.10234375000000001 0.1902777777777778
