1 0.132421875 0.3284722222222222 0.14921875 0.45972222222222225
3 0.5378906250000001 0.6590277777777778 0.53828125 0.6819444444444445
2 0.46953125 0.37083333333333335 0.09375 0.09722222222222222
0 0.37031250000000004 0.4131944444444445 0.06406250000000001 0.0625
0 0.49531250000000004 0.48888888888888893 0.1 0.09444444444444444
0 0.6640625 0.45 0.1 0.07777777777777778
0 0.6671875 0.39166666666666666 0.1015625 0.075
0 0.63828125 0.42638888888888893 0.08750000000000001 0.06944444444444445
0 0.640625 0.37430555555555556 0.0890625 0.06527777777777778
3 0.47500000000000003 0.3145833333333333 0.09531250000000001 0.13472222222222222
3 0.93515625 0.43194444444444446 0.1296875 0.3277777777777778
2 0.375 0.5506944444444445 0.1953125 0.2569444444444445
