1 0.46328125000000003 0.8423611111111111 0.29375 0.31527777777777777
3 0.876171875 0.5395833333333333 0.24765625000000002 0.3625
2 0.287890625 0.1451388888888889 0.07890625000000001 0.1902777777777778
0 0.35585937500000003 0.38958333333333334 0.06171875 0.14305555555555557
0 0.556640625 0.34097222222222223 0.06328125 0.14027777777777778
0 0.515234375 0.07430555555555556 0.057031250000000006 0.12916666666666668
0 0.521875 0.05555555555555556 0.059375000000000004 0.11111111111111112
0 0.46171875 0.05347222222222223 0.0546875 0.10694444444444445
0 0.46640625 0.03888888888888889 0.0578125 0.07777777777777778
3 0.119140625 0.06875 0.16796875 0.1375
3 0.6414062500000001 0.008333333333333333 0.18125000000000002 0.016666666666666666
2 0.6609375000000001 0.545138888888889 0.12812500000000002 0.20416666666666666
