1 0.9109375000000001 0.5 0.178125 1.0
3 0.748046875 0.09652777777777778 0.24140625000000002 0.19305555555555556
2 0.055078125000000006 0.3388888888888889 0.11015625000000001 0.3388888888888889
0 0.334765625 0.41458333333333336 0.17421875 0.2513888888888889
0 0.47500000000000003 0.2152777777777778 0.11406250000000001 0.125
0 0.25546875 0.1701388888888889 0.08750000000000001 0.10138888888888889
0 0.252734375 0.10555555555555556 0.08984375 0.09722222222222222
0 0.180078125 0.1875 0.09140625000000001 0.11111111111111112
0 0.17500000000000002 0.11805555555555557 0.09375 0.10555555555555556
3 0.23945312500000002 0.07083333333333333 0.14609375 0.14166666666666666
2 0.6917968750000001 0.19375 0.17265625 0.2013888888888889
