1 0.219140625 0.11527777777777778 0.23828125 0.23055555555555557
2 0.49257812500000003 0.6770833333333334 0.13046875 0.23750000000000002
0 0.36250000000000004 0.43472222222222223 0.0484375 0.13611111111111113
0 0.15351562500000002 0.5826388888888889 0.06796875000000001 0.14027777777777778
0 0.21796875000000002 0.9347222222222222 0.0703125 0.13055555555555556
0 0.209765625 0.9368055555555556 0.07421875 0.12638888888888888
0 0.29375 0.9444444444444445 0.0625 0.11111111111111112
0 0.290234375 0.9472222222222223 0.06640625 0.10555555555555556
3 0.766796875 0.8041666666666667 0.28984375 0.39166666666666666
2 0.055468750000000004 0.39375 0.11093750000000001 0.2263888888888889
