1 0.169921875 0.275 0.19140625 0.325
2 0.562890625 0.42291666666666666 0.14296875 0.1625
0 0.36875 0.41875 0.0734375 0.08472222222222223
0 0.17421875 0.49722222222222223 0.0859375 0.13333333333333333
0 0.41015625 0.6118055555555556 0.15000000000000002 0.2152777777777778
0 0.41132812500000004 0.5020833333333333 0.15390625000000002 0.1902777777777778
0 0.52578125 0.5840277777777778 0.15625 0.19305555555555556
0 0.528515625 0.48055555555555557 0.16015625 0.17222222222222222
3 0.7957031250000001 0.3597222222222222 0.23828125 0.24166666666666667
3 0.5 0.6430555555555556 1.0 0.7138888888888889
2 0.036328125 0.4513888888888889 0.07265625 0.18888888888888888
