1 0.278515625 0.8347222222222223 0.31796875 0.33055555555555555
3 0.8617187500000001 0.9298611111111111 0.2765625 0.14027777777777778
2 0.37148437500000003 0.11944444444444445 0.09453125000000001 0.20833333333333334
0 0.36328125 0.39375 0.07968750000000001 0.1486111111111111
0 0.569921875 0.5208333333333334 0.08984375 0.1527777777777778
0 0.612890625 0.23055555555555557 0.08359375000000001 0.14166666666666666
0 0.62421875 0.20416666666666666 0.08750000000000001 0.14722222222222223
0 0.56875 0.15694444444444444 0.07968750000000001 0.1388888888888889
0 0.578515625 0.1277777777777778 0.08359375000000001 0.14444444444444446
3 0.27109375 0.002777777777777778 0.10312500000000001 0.005555555555555556
3 0.81640625 0.13402777777777777 0.209375 0.26805555555555555
2 0.606640625 0.8173611111111111 0.12890625 0.2513888888888889
