1 0.17929687500000002 0.7722222222222223 0.30546875 0.45555555555555555
2 0.4296875 0.14097222222222222 0.109375 0.2152777777777778
0 0.36757812500000003 0.3965277777777778 0.08046875 0.13194444444444445
0 0.54453125 0.6375000000000001 0.09531250000000001 0.1388888888888889
0 0.6484375 0.37777777777777777 0.09375 0.13055555555555556
0 0.6625000000000001 0.3576388888888889 0.09843750000000001 0.1375
0 0.618359375 0.28055555555555556 0.08828125 0.1277777777777778
0 0.63046875 0.2569444444444445 0.09375 0.13333333333333333
3 0.384765625 0.0 0.11171875 0.0
3 0.8910156250000001 0.36041666666666666 0.20546875 0.3458333333333333
2 0.5203125000000001 0.9048611111111111 0.1484375 0.1902777777777778
