1 0.5265625 0.3375 0.3046875 0.5361111111111111
3 0.81796875 0.3590277777777778 0.1859375 0.2125
2 0.27421875 0.36458333333333337 0.0703125 0.09583333333333334
0 0.35234375 0.4118055555555556 0.046875 0.07083333333333333
0 0.521875 0.3923611111111111 0.0484375 0.0625
0 0.44570312500000003 0.3597222222222222 0.032031250000000004 0.04722222222222222
0 0.44609375 0.32430555555555557 0.0328125 0.04583333333333334
0 0.40078125000000003 0.35833333333333334 0.03125 0.04722222222222222
0 0.401171875 0.32222222222222224 0.030468750000000003 0.044444444444444446
3 0.13398437500000002 0.325 0.11640625 0.15555555555555556
3 0.49531250000000004 0.3041666666666667 0.1 0.12222222222222223
2 0.65390625 0.4041666666666667 0.1296875 0.1277777777777778
