1 0.22773437500000002 0.2715277777777778 0.17109375000000002 0.2902777777777778
2 0.54609375 0.4451388888888889 0.1625 0.18194444444444446
0 0.36640625000000004 0.41875 0.05625 0.08194444444444444
0 0.127734375 0.46875 0.08359375000000001 0.10972222222222222
0 0.21601562500000002 0.5986111111111111 0.10546875 0.19444444444444445
0 0.21328125 0.4930555555555556 0.1078125 0.17500000000000002
0 0.358203125 0.5951388888888889 0.10546875 0.19305555555555556
0 0.358203125 0.4902777777777778 0.10703125000000001 0.17222222222222222
3 0.8640625000000001 0.4048611111111111 0.27187500000000003 0.3236111111111111
3 0.051171875000000006 0.638888888888889 0.10234375000000001 0.7222222222222222
2 0.038671875 0.4131944444444445 0.07734375 0.1513888888888889
