1 0.62421875 0.30208333333333337 0.1765625 0.5013888888888889
3 0.622265625 0.30625 0.12578125 0.14305555555555557
2 0.18476562500000002 0.38333333333333336 0.11640625 0.12222222222222223
0 0.347265625 0.4131944444444445 0.07421875 0.08194444444444444
0 0.43867187500000004 0.36944444444444446 0.06171875 0.058333333333333334
0 0.316015625 0.3527777777777778 0.049218750000000006 0.05
0 0.31562500000000004 0.31527777777777777 0.05 0.04722222222222222
0 0.27265625 0.3576388888888889 0.05 0.05416666666666667
0 0.27187500000000003 0.3180555555555556 0.05 0.05
3 0.024609375000000003 0.35694444444444445 0.049218750000000006 0.23333333333333334
3 0.311328125 0.2923611111111111 0.08828125 0.11805555555555557
2 0.559765625 0.35833333333333334 0.09296875 0.1
