1 0.19843750000000002 0.27361111111111114 0.18125000000000002 0.3055555555555556
2 0.5574218750000001 0.43333333333333335 0.15390625000000002 0.17222222222222222
0 0.36796875 0.41875 0.065625 0.08472222222222223
0 0.146484375 0.48333333333333334 0.07265625 0.12222222222222223
0 0.319140625 0.6090277777777778 0.12109375 0.20694444444444446
0 0.318359375 0.5006944444444444 0.12265625000000001 0.18472222222222223
0 0.44843750000000004 0.5923611111111111 0.1375 0.19583333333333333
0 0.45 0.48888888888888893 0.1390625 0.17500000000000002
3 0.835546875 0.3791666666666667 0.26640625 0.275
3 0.24453125 0.6423611111111112 0.4890625 0.7152777777777778
2 0.036328125 0.43194444444444446 0.07265625 0.16944444444444445
