1 0.32148437500000004 0.15763888888888888 0.18046875 0.3125
3 0.0 0.25416666666666665 0.0 0.26666666666666666
2 0.46992187500000004 0.6347222222222223 0.16953125000000002 0.33055555555555555
0 0.35625 0.4291666666666667 0.0859375 0.1388888888888889
0 0.08750000000000001 0.43125 0.11406250000000001 0.14027777777777778
0 0.019921875000000002 0.7236111111111111 0.039843750000000004 0.27222222222222225
0 0.013671875 0.6361111111111112 0.02734375 0.26666666666666666
0 0.060546875 0.8111111111111111 0.12109375 0.3194444444444445
0 0.055468750000000004 0.71875 0.11093750000000001 0.31527777777777777
3 0.8546875 0.7291666666666667 0.290625 0.5416666666666667
2 0.074609375 0.3076388888888889 0.12109375 0.1513888888888889
