1 0.55703125 0.33472222222222225 0.27968750000000003 0.5194444444444445
3 0.7621093750000001 0.3423611111111111 0.15703125 0.18472222222222223
2 0.252734375 0.36944444444444446 0.08046875 0.1
0 0.35234375 0.4118055555555556 0.045312500000000006 0.07083333333333333
0 0.5015625 0.3861111111111111 0.051562500000000004 0.058333333333333334
0 0.41328125000000004 0.3576388888888889 0.035937500000000004 0.04583333333333334
0 0.413671875 0.32222222222222224 0.03671875 0.044444444444444446
0 0.37031250000000004 0.35694444444444445 0.0328125 0.04722222222222222
0 0.37031250000000004 0.32222222222222224 0.0328125 0.044444444444444446
3 0.09296875 0.33194444444444443 0.134375 0.16666666666666669
3 0.44843750000000004 0.3013888888888889 0.09375 0.11666666666666667
2 0.630078125 0.3909722222222222 0.11796875000000001 0.11805555555555557
