1 0.353515625 0.3416666666666667 0.31328125 0.55
3 0.9125000000000001 0.4444444444444445 0.17500000000000002 0.3527777777777778
2 0.33828125000000003 0.3590277777777778 0.06406250000000001 0.09027777777777778
0 0.35976562500000003 0.4118055555555556 0.06796875000000001 0.07361111111111111
0 0.562890625 0.42083333333333334 0.06328125 0.07777777777777778
0 0.537109375 0.37569444444444444 0.049218750000000006 0.05694444444444444
0 0.53828125 0.33611111111111114 0.05 0.05277777777777778
0 0.4921875 0.3680555555555556 0.0484375 0.05277777777777778
0 0.49335937500000004 0.33055555555555555 0.049218750000000006 0.05
3 0.252734375 0.31180555555555556 0.07421875 0.13472222222222222
3 0.6429687500000001 0.3194444444444445 0.1265625 0.14722222222222223
2 0.6824218750000001 0.45625000000000004 0.14453125 0.16805555555555557
