1 0.1625 0.16597222222222222 0.2484375 0.33194444444444443
3 0.0 0.7506944444444444 0.0 0.3236111111111111
2 0.5234375 0.58125 0.134375 0.22916666666666669
0 0.366796875 0.4305555555555556 0.06015625 0.14166666666666666
0 0.199609375 0.6777777777777778 0.06640625 0.15
0 0.32851562500000003 0.9437500000000001 0.06953125 0.1125
0 0.32656250000000003 0.9458333333333334 0.0734375 0.10833333333333334
0 0.40273437500000003 0.93125 0.07265625 0.1375
0 0.40546875000000004 0.9333333333333333 0.0765625 0.13333333333333333
3 0.7660156250000001 0.5465277777777778 0.23984375000000002 0.3041666666666667
2 0.065625 0.5576388888888889 0.13125 0.22916666666666669
