1 0.28750000000000003 0.2673611111111111 0.15156250000000002 0.26805555555555555
2 0.501171875 0.4638888888888889 0.15859375 0.2
0 0.35976562500000003 0.41944444444444445 0.06015625 0.08333333333333334
0 0.1171875 0.4395833333333333 0.09375 0.09583333333333334
0 0.07421875 0.5583333333333333 0.1484375 0.16944444444444445
0 0.07265625 0.4625 0.1453125 0.1527777777777778
0 0.17539062500000002 0.5777777777777778 0.14140625 0.18333333333333335
0 0.172265625 0.47708333333333336 0.14453125 0.16527777777777777
3 0.8546875 0.4791666666666667 0.290625 0.4666666666666667
2 0.068359375 0.38333333333333336 0.09765625 0.12222222222222223
