1 0.255859375 0.2673611111111111 0.16328125000000002 0.28194444444444444
2 0.531640625 0.4569444444444445 0.16953125000000002 0.19722222222222224
0 0.362890625 0.41944444444444445 0.05078125 0.08333333333333334
0 0.113671875 0.45416666666666666 0.09453125000000001 0.10277777777777779
0 0.12734375 0.5861111111111111 0.14375000000000002 0.18611111111111112
0 0.1234375 0.48194444444444445 0.146875 0.16666666666666669
0 0.25429687500000003 0.5958333333333333 0.11796875000000001 0.19166666666666668
0 0.25234375000000003 0.48888888888888893 0.1203125 0.17222222222222222
3 0.86875 0.44027777777777777 0.2625 0.39722222222222225
2 0.0421875 0.3965277777777778 0.084375 0.1375
