1 0.5234375 0.8076388888888889 0.3140625 0.38472222222222224
3 0.87421875 0.3791666666666667 0.2515625 0.35833333333333334
2 0.257421875 0.16527777777777777 0.09609375 0.20833333333333334
0 0.353515625 0.39166666666666666 0.05234375 0.13611111111111113
0 0.5453125 0.2833333333333333 0.051562500000000004 0.13333333333333333
0 0.476171875 0.04652777777777778 0.04609375 0.09305555555555556
0 0.48125 0.03194444444444445 0.0484375 0.0638888888888889
0 0.42031250000000003 0.0375 0.045312500000000006 0.075
0 0.42304687500000004 0.02291666666666667 0.047656250000000004 0.04583333333333334
3 0.08046875 0.10208333333333333 0.1609375 0.20416666666666666
2 0.6683593750000001 0.45208333333333334 0.13828125 0.22083333333333335
