1 0.630078125 0.5222222222222223 0.26953125 0.49722222222222223
3 0.7000000000000001 0.02291666666666667 0.1859375 0.04583333333333334
2 0.1765625 0.32430555555555557 0.1296875 0.2152777777777778
0 0.345703125 0.40208333333333335 0.07421875 0.1513888888888889
0 0.446875 0.1277777777777778 0.07187500000000001 0.1388888888888889
0 0.3015625 0.03263888888888889 0.06406250000000001 0.06527777777777778
0 0.29921875000000003 0.017361111111111112 0.0671875 0.034722222222222224
0 0.25039062500000003 0.05277777777777778 0.06640625 0.10555555555555556
0 0.24570312500000002 0.03819444444444445 0.06953125 0.0763888888888889
3 0.030078125 0.4277777777777778 0.06015625 0.25277777777777777
2 0.587109375 0.14166666666666666 0.12265625000000001 0.20555555555555557
