1 0.578125 0.2923611111111111 0.1609375 0.32916666666666666
3 0.420703125 0.29930555555555555 0.09453125000000001 0.11805555555555557
2 0.16562500000000002 0.41805555555555557 0.1203125 0.13333333333333333
0 0.345703125 0.4152777777777778 0.07578125000000001 0.07222222222222223
0 0.333984375 0.36736111111111114 0.057031250000000006 0.051388888888888894
0 0.1921875 0.37083333333333335 0.0625 0.05277777777777778
0 0.19140625 0.33125 0.0625 0.051388888888888894
0 0.15742187500000002 0.3826388888888889 0.06796875000000001 0.05694444444444444
0 0.15625 0.33958333333333335 0.06875 0.05416666666666667
3 0.016796875 0.46319444444444446 0.03359375 0.39583333333333337
3 0.13007812500000002 0.3104166666666667 0.11015625000000001 0.13472222222222222
2 0.42421875000000003 0.34305555555555556 0.0703125 0.07777777777777778
