1 0.6468750000000001 0.35833333333333334 0.209375 0.5083333333333333
2 0.15703125 0.43819444444444444 0.1328125 0.1875
0 0.34375 0.4104166666666667 0.084375 0.1486111111111111
0 0.38125000000000003 0.08819444444444445 0.07500000000000001 0.13472222222222222
0 0.21015625000000002 0.05416666666666667 0.078125 0.10833333333333334
0 0.203515625 0.03888888888888889 0.08203125 0.07777777777777778
0 0.16640625 0.10902777777777778 0.08281250000000001 0.13472222222222222
0 0.15781250000000002 0.07777777777777778 0.0859375 0.14166666666666666
3 0.029687500000000002 0.7097222222222223 0.059375000000000004 0.3194444444444445
2 0.51484375 0.05763888888888889 0.1015625 0.11527777777777778
