1 0.6234375000000001 0.29583333333333334 0.153125 0.4027777777777778
3 0.516015625 0.3 0.10703125000000001 0.125
2 0.1640625 0.4 0.1265625 0.1277777777777778
0 0.3453125 0.41458333333333336 0.07968750000000001 0.07916666666666666
0 0.384765625 0.3666666666666667 0.06015625 0.05555555555555556
0 0.2515625 0.3597222222222222 0.05625 0.05277777777777778
0 0.25039062500000003 0.3215277777777778 0.057031250000000006 0.04861111111111111
0 0.2109375 0.36736111111111114 0.059375000000000004 0.05416666666666667
0 0.209765625 0.32708333333333334 0.06015625 0.051388888888888894
3 0.00703125 0.4 0.0140625 0.3
3 0.22109375 0.2986111111111111 0.09062500000000001 0.12222222222222223
2 0.49062500000000003 0.3479166666666667 0.07187500000000001 0.08472222222222223
