1 0.111328125 0.64375 0.22265625 0.5791666666666667
2 0.5027343750000001 0.19722222222222224 0.12890625 0.21666666666666667
0 0.37148437500000003 0.4048611111111111 0.07265625 0.09861111111111112
0 0.483984375 0.7881944444444444 0.08984375 0.10138888888888889
0 0.6722656250000001 0.6125 0.10078125 0.1
0 0.6898437500000001 0.6013888888888889 0.1078125 0.10555555555555556
0 0.6664062500000001 0.4861111111111111 0.096875 0.1
0 0.683203125 0.46944444444444444 0.10390625 0.10555555555555556
3 0.541015625 0.022222222222222223 0.17265625 0.044444444444444446
3 0.9015625 0.8 0.19687500000000002 0.4
2 0.369140625 0.9631944444444445 0.15703125 0.07361111111111111
