1 0.244921875 0.3472222222222222 0.29765625 0.5527777777777778
3 0.9144531250000001 0.5458333333333334 0.17109375000000002 0.5166666666666667
2 0.384765625 0.36041666666666666 0.07578125000000001 0.09027777777777778
0 0.36445312500000004 0.4118055555555556 0.07265625 0.07083333333333333
0 0.566796875 0.44375000000000003 0.08515625 0.08750000000000001
0 0.591796875 0.39375 0.06640625 0.0625
0 0.593359375 0.35000000000000003 0.06640625 0.058333333333333334
0 0.54921875 0.3819444444444445 0.060937500000000006 0.058333333333333334
0 0.550390625 0.34097222222222223 0.06171875 0.05416666666666667
3 0.32578125 0.3090277777777778 0.060937500000000006 0.12638888888888888
3 0.749609375 0.3388888888888889 0.15390625000000002 0.17222222222222222
2 0.6265625 0.49930555555555556 0.13125 0.2125
