1 0.1015625 0.325 0.203125 0.47222222222222227
2 0.540234375 0.38333333333333336 0.11015625000000001 0.17777777777777778
0 0.37109375 0.41944444444444445 0.078125 0.1388888888888889
0 0.32539062500000004 0.8 0.08828125 0.15833333333333333
0 0.5328125 0.8812500000000001 0.09843750000000001 0.16527777777777777
0 0.542578125 0.8861111111111112 0.10390625 0.17500000000000002
0 0.575390625 0.7791666666666667 0.09765625 0.15555555555555556
0 0.5867187500000001 0.7777777777777778 0.10312500000000001 0.1638888888888889
3 0.6980468750000001 0.14791666666666667 0.21171875 0.2847222222222222
2 0.156640625 0.8729166666666667 0.14140625 0.2013888888888889
