1 0.400390625 0.8673611111111111 0.28203125 0.2652777777777778
3 0.875 0.7090277777777778 0.25 0.3819444444444445
2 0.3140625 0.13333333333333333 0.07187500000000001 0.17777777777777778
0 0.35859375000000004 0.3923611111111111 0.06875 0.14583333333333334
0 0.564453125 0.40069444444444446 0.07265625 0.14583333333333334
0 0.55 0.12152777777777778 0.065625 0.13472222222222222
0 0.5578125 0.09305555555555556 0.06875 0.14166666666666666
0 0.498828125 0.0763888888888889 0.06328125 0.13333333333333333
0 0.505078125 0.05763888888888889 0.06640625 0.11527777777777778
3 0.1703125 0.043750000000000004 0.1453125 0.08750000000000001
3 0.701171875 0.04652777777777778 0.18984375 0.09305555555555556
2 0.6488281250000001 0.6340277777777779 0.11640625 0.1902777777777778
