1 0.5554687500000001 0.28958333333333336 0.1625 0.3125
3 0.37812500000000004 0.2986111111111111 0.0921875 0.11666666666666667
2 0.174609375 0.42847222222222225 0.11640625 0.14583333333333334
0 0.34609375000000003 0.41597222222222224 0.07187500000000001 0.07083333333333333
0 0.31015625 0.36944444444444446 0.05625 0.05
0 0.16484375 0.37777777777777777 0.065625 0.05277777777777778
0 0.16367187500000002 0.3368055555555556 0.06640625 0.051388888888888894
0 0.132421875 0.3909722222222222 0.07265625 0.059722222222222225
0 0.13125 0.34652777777777777 0.0734375 0.05694444444444444
3 0.040625 0.5006944444444444 0.08125 0.45972222222222225
3 0.08281250000000001 0.31736111111111115 0.1234375 0.14583333333333334
2 0.393359375 0.3423611111111111 0.07109375 0.0763888888888889
