1 0.486328125 0.33819444444444446 0.31328125 0.5430555555555556
3 0.882421875 0.37986111111111115 0.23515625 0.24861111111111112
2 0.29609375 0.36180555555555555 0.060937500000000006 0.09305555555555556
0 0.35468750000000004 0.41111111111111115 0.05625 0.07222222222222223
0 0.5398437500000001 0.40069444444444446 0.043750000000000004 0.06805555555555556
0 0.476171875 0.36388888888888893 0.03515625 0.05
0 0.47695312500000003 0.3263888888888889 0.03515625 0.04722222222222222
0 0.431640625 0.36041666666666666 0.03671875 0.04861111111111111
0 0.432421875 0.32430555555555557 0.03671875 0.04583333333333334
3 0.173828125 0.3194444444444445 0.10078125 0.14722222222222223
3 0.54296875 0.3076388888888889 0.1078125 0.12916666666666668
2 0.6726562500000001 0.41944444444444445 0.1390625 0.1388888888888889
