1 0.5007812500000001 0.1388888888888889 0.22187500000000002 0.2777777777777778
2 0.266796875 0.6986111111111112 0.12890625 0.23055555555555557
0 0.349609375 0.42986111111111114 0.07578125000000001 0.12083333333333333
0 0.21250000000000002 0.21597222222222223 0.0734375 0.11527777777777778
0 0.08046875 0.4215277777777778 0.084375 0.12083333333333333
0 0.067578125 0.4048611111111111 0.08828125 0.12638888888888888
0 0.08867187500000001 0.5243055555555556 0.08671875000000001 0.12361111111111112
0 0.076171875 0.5118055555555556 0.09140625000000001 0.12916666666666668
3 0.28164062500000003 0.9833333333333334 0.18515625000000002 0.03333333333333333
3 0.0 0.3597222222222222 0.0 0.33055555555555555
2 0.25820312500000003 0.06041666666666667 0.10390625 0.12083333333333333
