1 0.29296875 0.3451388888888889 0.3125 0.5652777777777778
3 0.9207031250000001 0.4902777777777778 0.15859375 0.4305555555555556
2 0.36171875000000003 0.3590277777777778 0.0703125 0.09027777777777778
0 0.36250000000000004 0.4118055555555556 0.07187500000000001 0.07361111111111111
0 0.56953125 0.43194444444444446 0.07500000000000001 0.08333333333333334
0 0.56640625 0.3840277777777778 0.0578125 0.059722222222222225
0 0.567578125 0.3416666666666667 0.05859375 0.05555555555555556
0 0.521875 0.37430555555555556 0.0546875 0.05416666666666667
0 0.523046875 0.33472222222222225 0.055468750000000004 0.05277777777777778
3 0.291015625 0.30972222222222223 0.06328125 0.13055555555555556
3 0.696484375 0.3277777777777778 0.13984375000000002 0.15833333333333333
2 0.6707031250000001 0.4777777777777778 0.13671875 0.19166666666666668
