1 0.7835937500000001 0.25 0.43281250000000004 0.5
3 0.42109375000000004 0.08888888888888889 0.1375 0.17777777777777778
2 0.05078125 0.5291666666666667 0.1015625 0.39166666666666666
0 0.33125000000000004 0.4201388888888889 0.14375000000000002 0.1763888888888889
0 0.30000000000000004 0.23611111111111113 0.0921875 0.09722222222222222
0 0.06484375 0.2548611111111111 0.11406250000000001 0.10416666666666667
0 0.058203125 0.18888888888888888 0.11640625 0.10277777777777779
0 0.030859375 0.2972222222222222 0.06171875 0.12222222222222223
0 0.026953125 0.22430555555555556 0.05390625 0.11805555555555557
3 0.034375 0.12638888888888888 0.06875 0.24722222222222223
2 0.43867187500000004 0.17569444444444446 0.11328125 0.1375
