1 0.15195312500000002 0.25069444444444444 0.21171875 0.37083333333333335
2 0.55859375 0.4513888888888889 0.1375 0.20277777777777778
0 0.36953125000000003 0.4222222222222222 0.07500000000000001 0.11388888888888889
0 0.199609375 0.6090277777777778 0.09296875 0.18194444444444446
0 0.44062500000000004 0.8222222222222223 0.1421875 0.275
0 0.444140625 0.7444444444444445 0.14765625000000002 0.27222222222222225
0 0.5375 0.7597222222222223 0.1453125 0.24722222222222223
0 0.54453125 0.6854166666666667 0.15156250000000002 0.24305555555555555
3 0.775390625 0.35694444444444445 0.23671875 0.26666666666666666
2 0.047656250000000004 0.55 0.09531250000000001 0.2555555555555556
