1 0.13593750000000002 0.6458333333333334 0.2484375 0.4861111111111111
2 0.47382812500000004 0.20277777777777778 0.11171875 0.19722222222222224
0 0.369921875 0.40347222222222223 0.06796875000000001 0.09583333333333334
0 0.48554687500000004 0.7152777777777778 0.08203125 0.1
0 0.6375000000000001 0.5381944444444444 0.08750000000000001 0.09861111111111112
0 0.6511718750000001 0.5263888888888889 0.09296875 0.10277777777777779
0 0.6277343750000001 0.43194444444444446 0.08359375000000001 0.09722222222222222
0 0.640234375 0.41458333333333336 0.08828125 0.10138888888888889
3 0.491015625 0.030555555555555558 0.14140625 0.061111111111111116
3 0.8757812500000001 0.6597222222222222 0.23750000000000002 0.35833333333333334
2 0.403125 0.9243055555555556 0.13593750000000002 0.1513888888888889
