1 0.6062500000000001 0.5986111111111111 0.2828125 0.47500000000000003
3 0.7429687500000001 0.07916666666666666 0.18906250000000002 0.15833333333333333
2 0.19648437500000002 0.28055555555555556 0.12109375 0.2138888888888889
0 0.34804687500000003 0.3993055555555556 0.06484375 0.14305555555555557
0 0.47304687500000003 0.16319444444444445 0.06640625 0.13472222222222222
0 0.346484375 0.03333333333333333 0.057031250000000006 0.06666666666666667
0 0.34609375000000003 0.01875 0.059375000000000004 0.0375
0 0.29375 0.04583333333333334 0.0578125 0.09166666666666667
0 0.291015625 0.03125 0.06015625 0.0625
3 0.041796875000000004 0.3159722222222222 0.08359375000000001 0.28194444444444444
2 0.6101562500000001 0.2138888888888889 0.1265625 0.2111111111111111
