1 0.10312500000000001 0.3138888888888889 0.20625000000000002 0.4138888888888889
3 0.0023437500000000003 0.8527777777777779 0.004687500000000001 0.29444444444444445
2 0.5359375000000001 0.3826388888888889 0.1015625 0.14305555555555557
0 0.37031250000000004 0.41805555555555557 0.078125 0.10277777777777779
0 0.32890625 0.6375000000000001 0.1125 0.17500000000000002
0 0.60703125 0.6854166666666667 0.1265625 0.19305555555555556
0 0.61484375 0.6201388888888889 0.13125 0.1902777777777778
0 0.637890625 0.6083333333333334 0.11484375000000001 0.1638888888888889
0 0.64609375 0.5472222222222223 0.11875000000000001 0.16111111111111112
3 0.6351562500000001 0.27083333333333337 0.15937500000000002 0.20277777777777778
3 0.878125 0.8347222222222223 0.24375000000000002 0.33055555555555555
2 0.098828125 0.6784722222222223 0.19765625 0.27083333333333337
