1 0.0765625 0.3965277777777778 0.153125 0.5736111111111112
3 0.378515625 0.982638888888889 0.75703125 0.034722222222222224
2 0.503125 0.3298611111111111 0.1125 0.14027777777777778
0 0.369921875 0.41250000000000003 0.07578125000000001 0.09444444444444444
0 0.47734375 0.64375 0.11406250000000001 0.15972222222222224
0 0.7125 0.5604166666666667 0.1296875 0.13472222222222222
0 0.7230468750000001 0.49583333333333335 0.13515625 0.13333333333333333
0 0.6902343750000001 0.4861111111111111 0.11171875 0.11388888888888889
0 0.698828125 0.4277777777777778 0.11640625 0.11388888888888889
3 0.52890625 0.21180555555555555 0.1234375 0.1902777777777778
3 0.9875 0.69375 0.025 0.6125
2 0.28984375 0.8166666666666667 0.2171875 0.3666666666666667
