1 0.23203125000000002 0.19791666666666669 0.18906250000000002 0.33194444444444443
2 0.547265625 0.5409722222222222 0.18046875 0.27361111111111114
0 0.36562500000000003 0.42430555555555555 0.053125000000000006 0.11527777777777778
0 0.107421875 0.525 0.09765625 0.14722222222222223
0 0.15546875000000002 0.8402777777777778 0.13593750000000002 0.275
0 0.14609375 0.7555555555555555 0.14375000000000002 0.27222222222222225
0 0.2890625 0.8520833333333334 0.1046875 0.2791666666666667
0 0.28554687500000003 0.7666666666666667 0.11015625000000001 0.2777777777777778
3 0.872265625 0.5569444444444445 0.25546875 0.5083333333333333
2 0.03515625 0.41250000000000003 0.0703125 0.2
