1 0.0921875 0.39305555555555555 0.184375 0.4666666666666667
2 0.540234375 0.33333333333333337 0.10859375 0.16111111111111112
0 0.37148437500000003 0.41597222222222224 0.08046875 0.13472222222222222
0 0.36445312500000004 0.8180555555555555 0.09140625000000001 0.1527777777777778
0 0.579296875 0.8340277777777778 0.10078125 0.15416666666666667
0 0.59140625 0.8354166666666667 0.10625000000000001 0.1625
0 0.6109375 0.7166666666666667 0.09843750000000001 0.14444444444444446
0 0.62421875 0.7131944444444445 0.1046875 0.1513888888888889
3 0.669921875 0.10902777777777778 0.20859375000000002 0.21805555555555556
2 0.19609375 0.9256944444444445 0.134375 0.1486111111111111
