1 0.60859375 0.20625000000000002 0.2484375 0.41250000000000003
2 0.1859375 0.6020833333333333 0.1328125 0.20972222222222223
0 0.34453125 0.4215277777777778 0.07500000000000001 0.10694444444444445
0 0.2828125 0.10972222222222222 0.0703125 0.10277777777777779
0 0.10898437500000001 0.19722222222222224 0.08359375000000001 0.10555555555555556
0 0.09726562500000001 0.16944444444444445 0.08828125 0.11111111111111112
0 0.087109375 0.29444444444444445 0.08828125 0.10555555555555556
0 0.07382812500000001 0.27083333333333337 0.09296875 0.11111111111111112
3 0.09335937500000001 0.9277777777777778 0.18671875000000002 0.14444444444444446
3 0.02890625 0.08333333333333334 0.0578125 0.16666666666666669
2 0.385546875 0.02777777777777778 0.10078125 0.05555555555555556
