1 0.083984375 0.3625 0.16796875 0.5055555555555555
3 0.17343750000000002 0.9472222222222223 0.34687500000000004 0.10555555555555556
2 0.5171875 0.3458333333333333 0.11093750000000001 0.13611111111111113
0 0.37031250000000004 0.41458333333333336 0.078125 0.09861111111111112
0 0.423828125 0.65 0.11328125 0.16944444444444445
0 0.691015625 0.6062500000000001 0.12421875 0.15694444444444444
0 0.701171875 0.5409722222222222 0.13046875 0.15416666666666667
0 0.6839843750000001 0.5277777777777778 0.11015625000000001 0.13055555555555556
0 0.69296875 0.46875 0.11406250000000001 0.12916666666666668
3 0.566015625 0.22916666666666669 0.13515625 0.19444444444444445
3 0.968359375 0.7354166666666667 0.06328125 0.5291666666666667
2 0.1953125 0.7895833333333334 0.203125 0.3458333333333333
