1 0.13593750000000002 0.27569444444444446 0.20625000000000002 0.3541666666666667
2 0.566015625 0.4104166666666667 0.12734375 0.1513888888888889
0 0.37031250000000004 0.41805555555555557 0.08125 0.08611111111111111
0 0.212890625 0.5131944444444445 0.11015625000000001 0.14583333333333334
0 0.5183593750000001 0.607638888888889 0.17421875 0.2152777777777778
0 0.521484375 0.4965277777777778 0.17734375000000002 0.1902777777777778
0 0.6082031250000001 0.5673611111111111 0.16640625 0.18472222222222223
0 0.6125 0.46805555555555556 0.16875 0.1638888888888889
3 0.75 0.34097222222222223 0.2109375 0.2125
3 0.7515625 0.6381944444444445 0.496875 0.7236111111111111
2 0.041796875000000004 0.4791666666666667 0.08359375000000001 0.21944444444444444
