1 0.42812500000000003 0.32083333333333336 0.3875 0.6416666666666667
3 0.931640625 0.4173611111111111 0.13671875 0.34861111111111115
2 0.316015625 0.3548611111111111 0.06328125 0.09583333333333334
0 0.357421875 0.41111111111111115 0.07109375 0.08055555555555556
0 0.5750000000000001 0.4118055555555556 0.0578125 0.08194444444444444
0 0.524609375 0.3666666666666667 0.04609375 0.058333333333333334
0 0.525390625 0.32430555555555557 0.04609375 0.05416666666666667
0 0.476171875 0.36041666666666666 0.04609375 0.05416666666666667
0 0.4765625 0.3201388888888889 0.046875 0.051388888888888894
3 0.21054687500000002 0.30833333333333335 0.08984375 0.14722222222222223
3 0.6179687500000001 0.30694444444444446 0.12812500000000002 0.14722222222222223
2 0.7296875 0.44375000000000003 0.17500000000000002 0.1736111111111111
