1 0.186328125 0.15833333333333333 0.23359375000000002 0.31666666666666665
2 0.531640625 0.6006944444444444 0.15078125 0.27083333333333337
0 0.36562500000000003 0.42986111111111114 0.0578125 0.14305555555555557
0 0.16171875000000002 0.6423611111111112 0.06406250000000001 0.16805555555555557
0 0.278125 0.9500000000000001 0.07500000000000001 0.1
0 0.273046875 0.9423611111111111 0.08046875 0.11527777777777778
0 0.37109375 0.9437500000000001 0.07968750000000001 0.1125
0 0.371875 0.9361111111111111 0.084375 0.1277777777777778
3 0.814453125 0.5979166666666667 0.28203125 0.39861111111111114
2 0.05078125 0.49375 0.1015625 0.2513888888888889
