1 0.225 0.27569444444444446 0.16875 0.2847222222222222
2 0.541015625 0.44097222222222227 0.15390625000000002 0.1736111111111111
0 0.366015625 0.41875 0.057031250000000006 0.07916666666666666
0 0.140234375 0.46875 0.07734375 0.10694444444444445
0 0.244921875 0.5888888888888889 0.09609375 0.18333333333333335
0 0.24296875 0.4881944444444445 0.09843750000000001 0.16527777777777777
0 0.374609375 0.5840277777777778 0.10546875 0.17916666666666667
0 0.375 0.4847222222222222 0.10625000000000001 0.16111111111111112
3 0.8460937500000001 0.39861111111111114 0.27187500000000003 0.3
3 0.09843750000000001 0.6465277777777778 0.19687500000000002 0.7069444444444445
2 0.04296875 0.41597222222222224 0.0859375 0.1486111111111111
