1 0.466796875 0.13819444444444445 0.20234375000000002 0.2763888888888889
3 0.138671875 0.03819444444444445 0.12734375 0.0763888888888889
2 0.28046875 0.7069444444444445 0.140625 0.2777777777777778
0 0.35078125000000004 0.42986111111111114 0.07968750000000001 0.13472222222222222
0 0.198046875 0.26805555555555555 0.07578125000000001 0.11666666666666667
0 0.062109375 0.47708333333333336 0.09140625000000001 0.14027777777777778
0 0.049218750000000006 0.44722222222222224 0.096875 0.14444444444444446
0 0.07265625 0.5750000000000001 0.096875 0.15
0 0.059375000000000004 0.5486111111111112 0.1015625 0.15555555555555556
3 0.341796875 0.9965277777777778 0.21015625000000002 0.006944444444444445
2 0.23554687500000002 0.10138888888888889 0.09921875000000001 0.17222222222222222
