1 0.42890625000000004 0.27083333333333337 0.15625 0.26944444444444443
3 0.150390625 0.30347222222222225 0.09765625 0.13472222222222222
2 0.286328125 0.4763888888888889 0.16640625 0.2111111111111111
0 0.35195312500000003 0.41875 0.08359375000000001 0.08194444444444444
0 0.19140625 0.3888888888888889 0.07187500000000001 0.06666666666666667
0 0.038671875 0.4395833333333333 0.07734375 0.09305555555555556
0 0.037109375 0.37777777777777777 0.07421875 0.08611111111111111
0 0.041796875000000004 0.46597222222222223 0.08359375000000001 0.10694444444444445
0 0.040234375 0.39722222222222225 0.08046875 0.1
3 0.48281250000000003 0.6326388888888889 0.42031250000000003 0.7347222222222223
2 0.230859375 0.34652777777777777 0.08671875000000001 0.09027777777777778
