1 0.171875 0.33333333333333337 0.325 0.6666666666666667
3 0.9593750000000001 0.6305555555555555 0.08125 0.7388888888888889
2 0.41250000000000003 0.35694444444444445 0.0890625 0.1
0 0.36757812500000003 0.41250000000000003 0.08203125 0.07777777777777778
0 0.591796875 0.46319444444444446 0.11015625000000001 0.10694444444444445
0 0.64765625 0.4048611111111111 0.084375 0.07361111111111111
0 0.65 0.35208333333333336 0.0859375 0.07083333333333333
0 0.6000000000000001 0.3888888888888889 0.0765625 0.06666666666666667
0 0.6019531250000001 0.34097222222222223 0.07734375 0.0625
3 0.36445312500000004 0.3013888888888889 0.07421875 0.13611111111111113
3 0.8656250000000001 0.34861111111111115 0.2078125 0.22222222222222224
2 0.6292968750000001 0.5493055555555556 0.19453125000000002 0.29583333333333334
