1 0.115234375 0.25972222222222224 0.23046875 0.4666666666666667
3 0.022265625 0.9986111111111111 0.04453125 0.002777777777777778
2 0.5378906250000001 0.43194444444444446 0.11484375000000001 0.19722222222222224
0 0.369921875 0.4222222222222222 0.07421875 0.1388888888888889
0 0.28203125 0.7534722222222222 0.0890625 0.1763888888888889
0 0.491796875 0.9048611111111111 0.10390625 0.1902777777777778
0 0.49921875000000004 0.8965277777777778 0.109375 0.20416666666666666
0 0.546875 0.8194444444444445 0.10312500000000001 0.18333333333333335
0 0.55625 0.8048611111111111 0.109375 0.19305555555555556
3 0.7074218750000001 0.26180555555555557 0.20390625 0.24583333333333335
2 0.1046875 0.757638888888889 0.15781250000000002 0.24027777777777778
