1 0.45546875000000003 0.2763888888888889 0.15781250000000002 0.27222222222222225
3 0.20039062500000002 0.30208333333333337 0.09296875 0.12638888888888888
2 0.253515625 0.46805555555555556 0.16328125000000002 0.19722222222222224
0 0.350390625 0.41805555555555557 0.08046875 0.07777777777777778
0 0.215625 0.38333333333333336 0.06406250000000001 0.061111111111111116
0 0.055078125000000006 0.42291666666666666 0.08203125 0.07916666666666666
0 0.05234375 0.36736111111111114 0.08281250000000001 0.07361111111111111
0 0.045703125000000004 0.4451388888888889 0.09140625000000001 0.09027777777777778
0 0.044140625 0.3840277777777778 0.08828125 0.08472222222222223
3 0.226953125 0.6368055555555556 0.39921875 0.7263888888888889
2 0.265234375 0.3451388888888889 0.08203125 0.08472222222222223
