1 0.31484375000000003 0.10208333333333333 0.184375 0.20416666666666666
3 0.005078125 0.19444444444444445 0.01015625 0.32222222222222224
2 0.43203125000000003 0.7111111111111111 0.10312500000000001 0.23055555555555557
0 0.35781250000000003 0.43472222222222223 0.0671875 0.14722222222222223
0 0.1453125 0.4479166666666667 0.084375 0.1486111111111111
0 0.11093750000000001 0.7944444444444445 0.1046875 0.18888888888888888
0 0.09765625 0.7770833333333333 0.11093750000000001 0.19861111111111113
0 0.17343750000000002 0.8659722222222223 0.1015625 0.19861111111111113
0 0.162890625 0.851388888888889 0.10859375 0.20833333333333334
3 0.7156250000000001 0.8770833333333333 0.325 0.24583333333333335
3 0.0 0.9263888888888889 0.0 0.14722222222222223
2 0.10312500000000001 0.2548611111111111 0.09843750000000001 0.1736111111111111
