1 0.43007812500000003 0.788888888888889 0.34296875000000004 0.375
3 0.89375 0.6395833333333334 0.21250000000000002 0.44027777777777777
2 0.30859375 0.17430555555555557 0.06875 0.16527777777777777
0 0.35781250000000003 0.39513888888888893 0.06875 0.14583333333333334
0 0.5691406250000001 0.3902777777777778 0.06796875000000001 0.14444444444444446
0 0.53515625 0.1590277777777778 0.0578125 0.11805555555555557
0 0.5417968750000001 0.12291666666666667 0.06015625 0.12083333333333333
0 0.484375 0.125 0.05625 0.11388888888888889
0 0.4890625 0.08958333333333333 0.0578125 0.11805555555555557
3 0.174609375 0.07777777777777778 0.13046875 0.15555555555555556
3 0.66171875 0.06805555555555556 0.171875 0.13611111111111113
2 0.6820312500000001 0.6006944444444444 0.14375000000000002 0.22083333333333335
