1 0.12578125 0.32222222222222224 0.2109375 0.5638888888888889
3 0.84765625 0.6444444444444445 0.3046875 0.7111111111111111
2 0.455859375 0.36458333333333337 0.09609375 0.10138888888888889
0 0.370703125 0.4131944444444445 0.07265625 0.07083333333333333
0 0.54296875 0.48680555555555555 0.115625 0.10694444444444445
0 0.6800781250000001 0.4354166666666667 0.10234375000000001 0.08194444444444444
0 0.683203125 0.3763888888888889 0.10390625 0.07777777777777778
0 0.641796875 0.4131944444444445 0.08984375 0.07083333333333333
0 0.64453125 0.36041666666666666 0.09062500000000001 0.06805555555555556
3 0.44179687500000003 0.30694444444444446 0.08984375 0.13611111111111113
3 0.9304687500000001 0.4 0.1390625 0.3
2 0.467578125 0.5708333333333333 0.22890625 0.3055555555555556
