1 0.162890625 0.1798611111111111 0.23828125 0.3597222222222222
2 0.538671875 0.5548611111111111 0.14453125 0.25416666666666665
0 0.3671875 0.42847222222222225 0.06406250000000001 0.14583333333333334
0 0.18906250000000002 0.68125 0.07187500000000001 0.1763888888888889
0 0.33984375 0.9458333333333334 0.0859375 0.10833333333333334
0 0.338671875 0.9381944444444444 0.09140625000000001 0.12361111111111112
0 0.42734375 0.9277777777777778 0.0921875 0.14444444444444446
0 0.431640625 0.9194444444444445 0.09765625 0.16111111111111112
3 0.796484375 0.4916666666666667 0.25234375000000003 0.3416666666666667
2 0.057421875000000004 0.5652777777777778 0.11484375000000001 0.2555555555555556
