1 0.546484375 0.7284722222222223 0.35234375 0.5069444444444444
3 0.8753906250000001 0.3625 0.24921875000000002 0.3666666666666667
2 0.2609375 0.20416666666666666 0.0890625 0.18888888888888888
0 0.35273437500000004 0.39513888888888893 0.05234375 0.13472222222222222
0 0.5421875 0.29930555555555555 0.053125000000000006 0.12361111111111112
0 0.465625 0.10208333333333333 0.040625 0.10416666666666667
0 0.46953125 0.06597222222222222 0.0421875 0.10694444444444445
0 0.412890625 0.09027777777777778 0.039843750000000004 0.10277777777777779
0 0.41445312500000003 0.05416666666666667 0.041406250000000006 0.10555555555555556
3 0.084375 0.12361111111111112 0.16875 0.24722222222222223
3 0.54453125 0.021527777777777778 0.146875 0.043055555555555555
2 0.67578125 0.4388888888888889 0.146875 0.22777777777777777
