1 0.21406250000000002 0.1375 0.2265625 0.275
2 0.519140625 0.6486111111111111 0.15390625000000002 0.2833333333333333
0 0.36445312500000004 0.43194444444444446 0.049218750000000006 0.1388888888888889
0 0.138671875 0.5979166666666667 0.07734375 0.15694444444444444
0 0.211328125 0.9479166666666667 0.08359375000000001 0.10416666666666667
0 0.201953125 0.9402777777777778 0.09140625000000001 0.11944444444444445
0 0.30546875 0.9548611111111112 0.0703125 0.09027777777777778
0 0.30195312500000004 0.9472222222222223 0.07578125000000001 0.10555555555555556
3 0.8343750000000001 0.7236111111111111 0.328125 0.4638888888888889
2 0.047265625000000006 0.4215277777777778 0.09453125000000001 0.24027777777777778
