1 0.58828125 0.6013888888888889 0.29531250000000003 0.5305555555555556
3 0.7546875000000001 0.16319444444444445 0.18281250000000002 0.27361111111111114
2 0.221484375 0.26666666666666666 0.10546875 0.19444444444444445
0 0.349609375 0.3993055555555556 0.055468750000000004 0.13194444444444445
0 0.48984375 0.23541666666666666 0.059375000000000004 0.11527777777777778
0 0.38515625000000003 0.09166666666666667 0.045312500000000006 0.1
0 0.386328125 0.05694444444444444 0.047656250000000004 0.10277777777777779
0 0.335546875 0.09930555555555556 0.04453125 0.10138888888888889
0 0.33515625000000004 0.06597222222222222 0.045312500000000006 0.10416666666666667
3 0.05859375 0.2388888888888889 0.1171875 0.2888888888888889
3 0.417578125 0.0034722222222222225 0.11796875000000001 0.006944444444444445
2 0.6195312500000001 0.3013888888888889 0.125 0.2
