1 0.082421875 0.3055555555555556 0.16484375 0.4638888888888889
3 0.262890625 0.6472222222222223 0.52578125 0.7055555555555556
2 0.504296875 0.37430555555555556 0.10390625 0.10694444444444445
0 0.369921875 0.41458333333333336 0.07421875 0.07361111111111111
0 0.446875 0.5111111111111112 0.1078125 0.12222222222222223
0 0.697265625 0.4847222222222222 0.12265625000000001 0.10833333333333334
0 0.7015625000000001 0.4118055555555556 0.125 0.10138888888888889
0 0.6804687500000001 0.4527777777777778 0.10625000000000001 0.09166666666666667
0 0.6839843750000001 0.3888888888888889 0.10703125000000001 0.08611111111111111
3 0.536328125 0.3138888888888889 0.11640625 0.15
3 0.9871093750000001 0.5166666666666667 0.025781250000000002 0.513888888888889
2 0.240234375 0.5652777777777778 0.20390625 0.2833333333333333
