1 0.6203125 0.2881944444444445 0.171875 0.3736111111111111
3 0.47304687500000003 0.2965277777777778 0.10234375000000001 0.12361111111111112
2 0.16562500000000002 0.4083333333333333 0.1296875 0.13333333333333333
0 0.35468750000000004 0.4152777777777778 0.08125 0.07777777777777778
0 0.365234375 0.36597222222222225 0.06015625 0.05416666666666667
0 0.2234375 0.36319444444444443 0.060937500000000006 0.05416666666666667
0 0.223046875 0.3236111111111111 0.06171875 0.05
0 0.18515625000000002 0.3736111111111111 0.065625 0.058333333333333334
0 0.183984375 0.33055555555555555 0.06640625 0.05555555555555556
3 0.004687500000000001 0.43333333333333335 0.009375000000000001 0.3666666666666667
3 0.1765625 0.3013888888888889 0.1 0.13055555555555556
2 0.465625 0.3423611111111111 0.07187500000000001 0.08194444444444444
