1 0.11093750000000001 0.2791666666666667 0.21406250000000002 0.37777777777777777
2 0.5609375 0.40069444444444446 0.11406250000000001 0.14027777777777778
0 0.37109375 0.4173611111111111 0.084375 0.08472222222222223
0 0.257421875 0.5229166666666667 0.12578125 0.1513888888888889
0 0.59375 0.5881944444444445 0.171875 0.19861111111111113
0 0.59765625 0.4826388888888889 0.17500000000000002 0.1763888888888889
0 0.6550781250000001 0.5444444444444445 0.15546875000000002 0.16666666666666669
0 0.659765625 0.45069444444444445 0.15859375 0.1486111111111111
3 0.7039062500000001 0.33125 0.1859375 0.19305555555555556
3 0.875 0.6340277777777779 0.25 0.7319444444444445
2 0.0546875 0.5041666666666667 0.109375 0.24166666666666667
