1 0.657421875 0.3458333333333333 0.21328125 0.5444444444444445
3 0.552734375 0.01388888888888889 0.15078125 0.02777777777777778
2 0.1546875 0.425 0.1375 0.2
0 0.34453125 0.41111111111111115 0.084375 0.14722222222222223
0 0.384375 0.1486111111111111 0.0703125 0.11666666666666667
0 0.22617187500000002 0.10902777777777778 0.07109375 0.1125
0 0.22187500000000002 0.07152777777777779 0.0734375 0.11527777777777778
0 0.18281250000000002 0.1590277777777778 0.07500000000000001 0.11805555555555557
0 0.1765625 0.12152777777777778 0.078125 0.12083333333333333
3 0.014843750000000001 0.6506944444444445 0.029687500000000002 0.3736111111111111
3 0.1703125 0.009722222222222222 0.134375 0.019444444444444445
2 0.508203125 0.1 0.09140625000000001 0.15833333333333333
