1 0.14140625 0.3215277777777778 0.2734375 0.6375000000000001
3 0.921484375 0.6354166666666667 0.15703125 0.7291666666666667
2 0.43515625 0.36041666666666666 0.09375 0.10138888888888889
0 0.36953125000000003 0.41250000000000003 0.07968750000000001 0.075
0 0.5750000000000001 0.4763888888888889 0.1171875 0.10833333333333334
0 0.6703125000000001 0.41875 0.09531250000000001 0.07916666666666666
0 0.673046875 0.3625 0.09609375 0.075
0 0.6253906250000001 0.4 0.08359375000000001 0.06944444444444445
0 0.6277343750000001 0.3493055555555556 0.08515625 0.06527777777777778
3 0.40390625 0.3027777777777778 0.08125 0.13611111111111113
3 0.9078125 0.37083333333333335 0.184375 0.25833333333333336
2 0.55859375 0.5680555555555555 0.225 0.3138888888888889
