1 0.117578125 0.3229166666666667 0.16015625 0.4847222222222222
3 0.56953125 0.6541666666666667 0.6703125000000001 0.6916666666666667
2 0.4734375 0.36944444444444446 0.096875 0.1
0 0.37031250000000004 0.4131944444444445 0.065625 0.06527777777777778
0 0.501171875 0.4930555555555556 0.10546875 0.1
0 0.67734375 0.45208333333333334 0.10625000000000001 0.08194444444444444
0 0.680859375 0.3909722222222222 0.10703125000000001 0.07916666666666666
0 0.6492187500000001 0.4277777777777778 0.0921875 0.07222222222222223
0 0.651953125 0.3729166666666667 0.09296875 0.06805555555555556
3 0.47890625000000003 0.31180555555555556 0.096875 0.1375
3 0.947265625 0.4354166666666667 0.10546875 0.34861111111111115
2 0.37343750000000003 0.5611111111111111 0.2078125 0.2777777777777778
