1 0.50546875 0.7743055555555556 0.37031250000000004 0.4513888888888889
3 0.89375 0.4930555555555556 0.21250000000000002 0.41944444444444445
2 0.283203125 0.18055555555555555 0.07890625000000001 0.18333333333333335
0 0.355078125 0.39513888888888893 0.06328125 0.14583333333333334
0 0.562890625 0.3402777777777778 0.05859375 0.1388888888888889
0 0.5046875000000001 0.11944444444444445 0.05 0.11388888888888889
0 0.509765625 0.08194444444444444 0.05234375 0.11666666666666667
0 0.451171875 0.09652777777777778 0.049218750000000006 0.1125
0 0.45429687500000004 0.05902777777777778 0.05078125 0.11527777777777778
3 0.12109375 0.09583333333333334 0.15625 0.19166666666666668
3 0.608984375 0.03819444444444445 0.16328125000000002 0.0763888888888889
2 0.6953125 0.5208333333333334 0.1546875 0.23611111111111113
