1 0.09140625000000001 0.30347222222222225 0.18281250000000002 0.40694444444444444
3 0.09726562500000001 0.6506944444444445 0.19453125000000002 0.6986111111111112
2 0.5164062500000001 0.3805555555555556 0.1015625 0.10555555555555556
0 0.369921875 0.4152777777777778 0.07578125000000001 0.075
0 0.396484375 0.5125000000000001 0.11328125 0.125
0 0.67109375 0.5041666666666667 0.115625 0.11944444444444445
0 0.6746093750000001 0.42847222222222225 0.11796875000000001 0.10972222222222222
0 0.6707031250000001 0.4701388888888889 0.10234375000000001 0.10138888888888889
0 0.6746093750000001 0.4041666666666667 0.10390625 0.09444444444444444
3 0.5710937500000001 0.3201388888888889 0.1265625 0.15416666666666667
3 0.9617187500000001 0.5784722222222223 0.0765625 0.6069444444444445
2 0.16015625 0.5402777777777777 0.2 0.24166666666666667
