1 0.33710937500000004 0.26666666666666666 0.14609375 0.2555555555555556
3 0.018750000000000003 0.325 0.037500000000000006 0.17777777777777778
2 0.43046875 0.4756944444444445 0.1234375 0.20416666666666666
0 0.35625 0.42083333333333334 0.07500000000000001 0.08611111111111111
0 0.133203125 0.41805555555555557 0.08984375 0.08333333333333334
0 0.043359375000000006 0.5118055555555556 0.08671875000000001 0.14027777777777778
0 0.041406250000000006 0.4291666666666667 0.08281250000000001 0.1277777777777778
0 0.07421875 0.5402777777777777 0.1484375 0.16111111111111112
0 0.073046875 0.4513888888888889 0.14609375 0.14444444444444446
3 0.8093750000000001 0.5750000000000001 0.38125000000000003 0.6416666666666667
2 0.126953125 0.36388888888888893 0.09453125000000001 0.10277777777777779
