1 0.084375 0.30833333333333335 0.16875 0.5222222222222223
3 0.5 0.6430555555555556 1.0 0.7138888888888889
2 0.48750000000000004 0.36875 0.10312500000000001 0.10694444444444445
0 0.37031250000000004 0.4131944444444445 0.0703125 0.07083333333333333
0 0.5 0.5048611111111111 0.11406250000000001 0.11527777777777778
0 0.70625 0.4638888888888889 0.1203125 0.09444444444444444
0 0.7097656250000001 0.39513888888888893 0.12265625000000001 0.09027777777777778
0 0.6765625000000001 0.43472222222222223 0.10312500000000001 0.08055555555555556
0 0.6796875 0.375 0.1046875 0.07777777777777778
3 0.498828125 0.3090277777777778 0.10546875 0.14583333333333334
3 0.98046875 0.45972222222222225 0.0390625 0.41944444444444445
2 0.33906250000000004 0.5819444444444445 0.22812500000000002 0.31666666666666665
