1 0.51171875 0.33125 0.3984375 0.6625
3 0.917578125 0.38333333333333336 0.16484375 0.2972222222222222
2 0.29375 0.35625 0.065625 0.10138888888888889
0 0.35468750000000004 0.41111111111111115 0.065625 0.08333333333333334
0 0.567578125 0.4013888888888889 0.05078125 0.07777777777777778
0 0.49375 0.3597222222222222 0.0390625 0.05555555555555556
0 0.494921875 0.31875000000000003 0.039843750000000004 0.051388888888888894
0 0.4453125 0.35555555555555557 0.040625 0.05277777777777778
0 0.44570312500000003 0.3159722222222222 0.041406250000000006 0.051388888888888894
3 0.164453125 0.30972222222222223 0.10703125000000001 0.15833333333333333
3 0.56875 0.3 0.1203125 0.1388888888888889
2 0.728515625 0.42430555555555555 0.17265625 0.16527777777777777
