1 0.09648437500000001 0.3652777777777778 0.19296875000000002 0.4861111111111111
2 0.53359375 0.3451388888888889 0.10625000000000001 0.15972222222222224
0 0.37148437500000003 0.4166666666666667 0.07890625000000001 0.13055555555555556
0 0.361328125 0.7902777777777779 0.09609375 0.16944444444444445
0 0.589453125 0.8118055555555556 0.10546875 0.17083333333333334
0 0.6015625 0.795138888888889 0.11093750000000001 0.17916666666666667
0 0.6175781250000001 0.6993055555555556 0.10078125 0.15972222222222224
0 0.63046875 0.6777777777777778 0.10625000000000001 0.16666666666666669
3 0.6433593750000001 0.13055555555555556 0.18359375 0.2611111111111111
2 0.17734375000000002 0.9006944444444445 0.15156250000000002 0.19861111111111113
