1 0.5632812500000001 0.33194444444444443 0.390625 0.6638888888888889
3 0.89453125 0.35694444444444445 0.2109375 0.25
2 0.26953125 0.35833333333333334 0.0765625 0.10555555555555556
0 0.35234375 0.4118055555555556 0.05625 0.08194444444444444
0 0.5484375 0.39166666666666666 0.05625 0.07222222222222223
0 0.46171875 0.35555555555555557 0.035937500000000004 0.05277777777777778
0 0.4625 0.31527777777777777 0.035937500000000004 0.05
0 0.412109375 0.3527777777777778 0.03515625 0.05277777777777778
0 0.41250000000000003 0.31319444444444444 0.034375 0.04861111111111111
3 0.11875000000000001 0.3145833333333333 0.125 0.16805555555555557
3 0.51796875 0.2951388888888889 0.11093750000000001 0.13194444444444445
2 0.70703125 0.40694444444444444 0.15937500000000002 0.15
