1 0.4859375 0.2777777777777778 0.1625 0.2833333333333333
3 0.2484375 0.29930555555555555 0.0921875 0.12361111111111112
2 0.22226562500000002 0.45972222222222225 0.15859375 0.18888888888888888
0 0.35000000000000003 0.41805555555555557 0.0765625 0.075
0 0.23984375000000002 0.3770833333333333 0.0578125 0.05694444444444444
0 0.07734375 0.40694444444444444 0.078125 0.06944444444444445
0 0.07500000000000001 0.35555555555555557 0.07968750000000001 0.06666666666666667
0 0.058203125 0.42708333333333337 0.08984375 0.07916666666666666
0 0.055468750000000004 0.37083333333333335 0.09062500000000001 0.075
3 0.15625 0.6354166666666667 0.3125 0.7291666666666667
3 0.003515625 0.3451388888888889 0.00703125 0.2013888888888889
2 0.29921875000000003 0.3416666666666667 0.07968750000000001 0.08333333333333334
