1 0.20859375000000002 0.14930555555555555 0.21875 0.2986111111111111
2 0.515625 0.61875 0.1421875 0.25972222222222224
0 0.365234375 0.43125 0.05078125 0.13472222222222222
0 0.162109375 0.6111111111111112 0.06484375 0.1527777777777778
0 0.251953125 0.9361111111111111 0.06640625 0.1277777777777778
0 0.24570312500000002 0.9291666666666667 0.07109375 0.14166666666666666
0 0.33984375 0.9368055555555556 0.065625 0.12638888888888888
0 0.338671875 0.9298611111111111 0.06953125 0.14027777777777778
3 0.7933593750000001 0.6541666666666667 0.28046875 0.4027777777777778
2 0.055859375 0.4548611111111111 0.11171875 0.23194444444444445
