1 0.21835937500000002 0.33819444444444446 0.36015625 0.6763888888888889
3 0.96875 0.6166666666666667 0.0625 0.7222222222222222
2 0.38789062500000004 0.35555555555555557 0.08359375000000001 0.1
0 0.365234375 0.4118055555555556 0.08203125 0.07916666666666666
0 0.596875 0.44930555555555557 0.09843750000000001 0.10138888888888889
0 0.6179687500000001 0.3923611111111111 0.0734375 0.07083333333333333
0 0.6203125 0.34375 0.0734375 0.06527777777777778
0 0.569921875 0.3791666666666667 0.06796875000000001 0.0638888888888889
0 0.5710937500000001 0.3340277777777778 0.06875 0.059722222222222225
3 0.32460937500000003 0.30069444444444443 0.06640625 0.13472222222222222
3 0.79453125 0.33263888888888893 0.1796875 0.1902777777777778
2 0.68671875 0.5208333333333334 0.1703125 0.2638888888888889
