1 0.636328125 0.28958333333333336 0.21328125 0.4930555555555556
3 0.49062500000000003 0.0076388888888888895 0.1375 0.015277777777777779
2 0.15937500000000002 0.4701388888888889 0.1296875 0.17916666666666667
0 0.34414062500000003 0.41458333333333336 0.08203125 0.13472222222222222
0 0.353515625 0.1527777777777778 0.06796875000000001 0.10833333333333334
0 0.19453125000000002 0.1451388888888889 0.0734375 0.10694444444444445
0 0.18867187500000002 0.10902777777777778 0.07578125000000001 0.10972222222222222
0 0.15625 0.20277777777777778 0.078125 0.11388888888888889
0 0.1484375 0.16805555555555557 0.08125 0.11666666666666667
3 0.03125 0.7652777777777778 0.0625 0.4166666666666667
3 0.11640625 0.03680555555555556 0.15000000000000002 0.07361111111111111
2 0.46953125 0.08402777777777778 0.084375 0.1375
