1 0.590234375 0.2888888888888889 0.16796875 0.34444444444444444
3 0.43046875 0.2972222222222222 0.096875 0.11944444444444445
2 0.16132812500000002 0.41597222222222224 0.12578125 0.1375
0 0.347265625 0.4152777777777778 0.07890625000000001 0.075
0 0.33906250000000004 0.3666666666666667 0.0578125 0.05277777777777778
0 0.195703125 0.36875 0.06328125 0.05416666666666667
0 0.19453125000000002 0.3284722222222222 0.06406250000000001 0.051388888888888894
0 0.158984375 0.3805555555555556 0.06953125 0.058333333333333334
0 0.15742187500000002 0.33611111111111114 0.06953125 0.05555555555555556
3 0.0074218750000000005 0.46111111111111114 0.014843750000000001 0.40555555555555556
3 0.13515625 0.30694444444444446 0.109375 0.13611111111111113
2 0.432421875 0.3423611111111111 0.07109375 0.07916666666666666
