1 0.114453125 0.3215277777777778 0.16328125000000002 0.49583333333333335
3 0.62109375 0.6520833333333333 0.7578125 0.6958333333333334
2 0.47382812500000004 0.36875 0.09765625 0.10138888888888889
0 0.370703125 0.4131944444444445 0.06640625 0.06527777777777778
0 0.504296875 0.49375 0.10703125000000001 0.10138888888888889
0 0.68125 0.45208333333333334 0.1078125 0.08194444444444444
0 0.684765625 0.3902777777777778 0.10859375 0.08055555555555556
0 0.65234375 0.4277777777777778 0.09375 0.07222222222222223
0 0.6550781250000001 0.37222222222222223 0.09453125000000001 0.06944444444444445
3 0.478515625 0.3111111111111111 0.09765625 0.1388888888888889
3 0.9496093750000001 0.4354166666666667 0.10078125 0.3513888888888889
2 0.3765625 0.5645833333333333 0.21250000000000002 0.2847222222222222
