1 0.542578125 0.16944444444444445 0.23359375000000002 0.3388888888888889
3 0.244140625 0.0034722222222222225 0.12734375 0.006944444444444445
2 0.213671875 0.6673611111111112 0.15546875000000002 0.2791666666666667
0 0.34765625 0.42638888888888893 0.078125 0.11944444444444445
0 0.236328125 0.19861111111111113 0.06796875000000001 0.1
0 0.06992187500000001 0.3388888888888889 0.08359375000000001 0.11111111111111112
0 0.057421875000000004 0.30486111111111114 0.08828125 0.11527777777777778
0 0.0578125 0.43472222222222223 0.09062500000000001 0.11944444444444445
0 0.04609375 0.40208333333333335 0.0921875 0.12361111111111112
3 0.1421875 0.9791666666666667 0.284375 0.04166666666666667
3 0.0 0.21736111111111112 0.0 0.3458333333333333
2 0.306640625 0.06944444444444445 0.09765625 0.1388888888888889
