1 0.6023437500000001 0.2888888888888889 0.1625 0.3861111111111111
3 0.47109375000000003 0.2972222222222222 0.10312500000000001 0.125
2 0.138671875 0.40625 0.13359375 0.13472222222222222
0 0.33046875000000003 0.4152777777777778 0.08281250000000001 0.08055555555555556
0 0.35390625000000003 0.3652777777777778 0.060937500000000006 0.05555555555555556
0 0.21328125 0.3625 0.060937500000000006 0.05277777777777778
0 0.21250000000000002 0.32222222222222224 0.060937500000000006 0.05
0 0.17265625 0.3715277777777778 0.065625 0.05694444444444444
0 0.17109375000000002 0.32916666666666666 0.065625 0.05555555555555556
3 0.0 0.4256944444444445 0.0 0.3541666666666667
3 0.17304687500000002 0.3 0.09765625 0.13055555555555556
2 0.45742187500000003 0.34305555555555556 0.06953125 0.08333333333333334
