1 0.09843750000000001 0.4930555555555556 0.19687500000000002 0.5388888888888889
2 0.504296875 0.27222222222222225 0.11171875 0.17500000000000002
0 0.370703125 0.40972222222222227 0.07109375 0.10833333333333334
0 0.44257812500000004 0.763888888888889 0.08671875000000001 0.13333333333333333
0 0.642578125 0.6583333333333333 0.09296875 0.125
0 0.6566406250000001 0.6361111111111112 0.09921875000000001 0.13055555555555556
0 0.6433593750000001 0.5465277777777778 0.08828125 0.11805555555555557
0 0.65625 0.5208333333333334 0.09375 0.12222222222222223
3 0.5546875 0.08541666666666667 0.15156250000000002 0.17083333333333334
3 0.8859375 0.8354166666666667 0.22812500000000002 0.32916666666666666
2 0.30195312500000004 0.9263888888888889 0.14609375 0.14722222222222223
