1 0.60859375 0.24166666666666667 0.21250000000000002 0.47222222222222227
3 0.42812500000000003 0.005555555555555556 0.125 0.011111111111111112
2 0.170703125 0.5173611111111112 0.11640625 0.1902777777777778
0 0.34375 0.4173611111111111 0.0765625 0.12083333333333333
0 0.32343750000000004 0.16319444444444445 0.065625 0.09861111111111112
0 0.16523437500000002 0.18819444444444444 0.07421875 0.10138888888888889
0 0.158203125 0.15416666666666667 0.07734375 0.10277777777777779
0 0.1328125 0.25416666666666665 0.07968750000000001 0.10555555555555556
0 0.12421875 0.22013888888888888 0.08281250000000001 0.10972222222222222
3 0.055468750000000004 0.8243055555555556 0.11093750000000001 0.3513888888888889
3 0.073046875 0.06944444444444445 0.14609375 0.1388888888888889
2 0.427734375 0.07569444444444445 0.08515625 0.14027777777777778
