1 0.270703125 0.3375 0.37578125 0.675
3 0.964453125 0.5277777777777778 0.07109375 0.5555555555555556
2 0.36445312500000004 0.3548611111111111 0.07734375 0.09861111111111112
0 0.36250000000000004 0.4118055555555556 0.07968750000000001 0.08194444444444444
0 0.594921875 0.4361111111111111 0.08515625 0.09444444444444444
0 0.58828125 0.3826388888888889 0.06406250000000001 0.06527777777777778
0 0.58984375 0.33611111111111114 0.06406250000000001 0.061111111111111116
0 0.539453125 0.3715277777777778 0.06015625 0.059722222222222225
0 0.540625 0.3284722222222222 0.060937500000000006 0.05694444444444444
3 0.28984375 0.30208333333333337 0.0671875 0.1375
3 0.732421875 0.32222222222222224 0.15859375 0.17222222222222222
2 0.7230468750000001 0.49444444444444446 0.17421875 0.23055555555555557
