1 0.08515625 0.29930555555555555 0.1703125 0.44583333333333336
3 0.140625 0.6430555555555556 0.28125 0.7138888888888889
2 0.517578125 0.3770833333333333 0.10703125000000001 0.10972222222222222
0 0.37031250000000004 0.41458333333333336 0.078125 0.0763888888888889
0 0.41718750000000004 0.51875 0.11875000000000001 0.13194444444444445
0 0.698828125 0.5013888888888889 0.12734375 0.12222222222222223
0 0.7035156250000001 0.4236111111111111 0.13046875 0.11388888888888889
0 0.6898437500000001 0.4666666666666667 0.11093750000000001 0.10277777777777779
0 0.6937500000000001 0.3979166666666667 0.1125 0.09583333333333334
3 0.564453125 0.31527777777777777 0.12578125 0.15555555555555556
3 0.995703125 0.5743055555555556 0.00859375 0.6291666666666667
2 0.16875 0.5597222222222222 0.21250000000000002 0.275
