1 0.559765625 0.2902777777777778 0.16328125000000002 0.31666666666666665
3 0.384375 0.2986111111111111 0.0921875 0.11666666666666667
2 0.1703125 0.42708333333333337 0.1171875 0.14583333333333334
0 0.3453125 0.41597222222222224 0.0734375 0.07083333333333333
0 0.31328125 0.36875 0.05625 0.051388888888888894
0 0.16718750000000002 0.3770833333333333 0.065625 0.05416666666666667
0 0.166015625 0.3354166666666667 0.06640625 0.051388888888888894
0 0.134765625 0.38958333333333334 0.07265625 0.059722222222222225
0 0.1328125 0.3451388888888889 0.0734375 0.05694444444444444
3 0.034765625 0.4965277777777778 0.06953125 0.4569444444444445
3 0.08867187500000001 0.31527777777777777 0.12265625000000001 0.14444444444444446
2 0.39765625000000004 0.3416666666666667 0.07187500000000001 0.07777777777777778
