1 0.276171875 0.275 0.14609375 0.2555555555555556
2 0.49453125000000003 0.45069444444444445 0.14375000000000002 0.1736111111111111
0 0.35781250000000003 0.41597222222222224 0.05 0.0763888888888889
0 0.13515625 0.4395833333333333 0.08281250000000001 0.08750000000000001
0 0.12890625 0.5430555555555556 0.1234375 0.14722222222222223
0 0.125390625 0.45763888888888893 0.12578125 0.13472222222222222
0 0.22812500000000002 0.5555555555555556 0.109375 0.15555555555555556
0 0.22617187500000002 0.4666666666666667 0.11171875 0.14166666666666666
3 0.829296875 0.44375000000000003 0.30703125000000003 0.37083333333333335
2 0.07500000000000001 0.38819444444444445 0.0859375 0.11805555555555557
