1 0.59140625 0.2138888888888889 0.225 0.4277777777777778
3 0.36562500000000003 0.0006944444444444445 0.1234375 0.001388888888888889
2 0.18281250000000002 0.5701388888888889 0.12812500000000002 0.22361111111111112
0 0.34492187500000004 0.4201388888888889 0.07421875 0.10972222222222222
0 0.29335937500000003 0.16944444444444445 0.06484375 0.09166666666666667
0 0.13046875 0.23125 0.078125 0.09583333333333334
0 0.121484375 0.19652777777777777 0.08203125 0.09861111111111112
0 0.103515625 0.3076388888888889 0.08515625 0.10138888888888889
0 0.09335937500000001 0.2743055555555556 0.08828125 0.10416666666666667
3 0.080078125 0.8784722222222222 0.16015625 0.24305555555555555
3 0.046875 0.10486111111111111 0.09375 0.20972222222222223
2 0.38789062500000004 0.06805555555555556 0.08828125 0.13611111111111113
