1 0.13007812500000002 0.6173611111111111 0.26015625000000003 0.5847222222222223
2 0.462890625 0.22013888888888888 0.10859375 0.1875
0 0.36953125000000003 0.4041666666666667 0.07187500000000001 0.10833333333333334
0 0.512890625 0.6958333333333334 0.09609375 0.13055555555555556
0 0.6570312500000001 0.5020833333333333 0.096875 0.11527777777777778
0 0.6703125000000001 0.4729166666666667 0.10312500000000001 0.12083333333333333
0 0.634765625 0.4041666666666667 0.08984375 0.10833333333333334
0 0.646484375 0.3729166666666667 0.09453125000000001 0.1125
3 0.46015625000000004 0.058333333333333334 0.11875000000000001 0.11666666666666667
3 0.9050781250000001 0.5756944444444445 0.18984375 0.40972222222222227
2 0.4390625 0.913888888888889 0.16562500000000002 0.17222222222222222
