1 0.09453125000000001 0.3652777777777778 0.18906250000000002 0.5
2 0.537109375 0.3416666666666667 0.10859375 0.16111111111111112
0 0.371875 0.4166666666666667 0.07968750000000001 0.13333333333333333
0 0.36367187500000003 0.7972222222222223 0.09921875000000001 0.17500000000000002
0 0.599609375 0.8159722222222222 0.10859375 0.1763888888888889
0 0.6121093750000001 0.7986111111111112 0.11484375000000001 0.18611111111111112
0 0.626953125 0.7000000000000001 0.10390625 0.1638888888888889
0 0.640625 0.6770833333333334 0.109375 0.17083333333333334
3 0.6449218750000001 0.12986111111111112 0.18515625000000002 0.25972222222222224
2 0.17304687500000002 0.9055555555555556 0.15859375 0.18888888888888888
