1 0.516796875 0.27569444444444446 0.17109375000000002 0.3041666666666667
3 0.291015625 0.29583333333333334 0.09296875 0.12222222222222223
2 0.1921875 0.45208333333333334 0.153125 0.18472222222222223
0 0.3484375 0.4173611111111111 0.0734375 0.07361111111111111
0 0.25859375 0.3715277777777778 0.05625 0.05416666666666667
0 0.09531250000000001 0.3944444444444445 0.078125 0.0638888888888889
0 0.09335937500000001 0.3458333333333333 0.07890625000000001 0.061111111111111116
0 0.06796875000000001 0.41250000000000003 0.0890625 0.07222222222222223
0 0.065625 0.35833333333333334 0.09062500000000001 0.06944444444444445
3 0.10117187500000001 0.6291666666666667 0.20234375000000002 0.7416666666666667
3 0.022656250000000003 0.33055555555555555 0.045312500000000006 0.18333333333333335
2 0.33046875000000003 0.3388888888888889 0.07968750000000001 0.08333333333333334
