1 0.602734375 0.3180555555555556 0.22578125000000002 0.5111111111111112
3 0.6796875 0.3194444444444445 0.134375 0.15555555555555556
2 0.213671875 0.3763888888888889 0.10078125 0.11111111111111112
0 0.34921875 0.4131944444444445 0.0625 0.0763888888888889
0 0.46601562500000004 0.3763888888888889 0.05859375 0.058333333333333334
0 0.35781250000000003 0.3541666666666667 0.043750000000000004 0.04722222222222222
0 0.35781250000000003 0.31736111111111115 0.043750000000000004 0.04583333333333334
0 0.31484375000000003 0.35694444444444445 0.0421875 0.05
0 0.314453125 0.3194444444444445 0.04296875 0.04722222222222222
3 0.049218750000000006 0.3451388888888889 0.09843750000000001 0.19861111111111113
3 0.36953125000000003 0.29583333333333334 0.0890625 0.11666666666666667
2 0.591015625 0.37083333333333335 0.10234375000000001 0.10555555555555556
