1 0.5671875000000001 0.19097222222222224 0.22812500000000002 0.3819444444444445
3 0.3046875 0.001388888888888889 0.12187500000000001 0.002777777777777778
2 0.197265625 0.6173611111111111 0.14140625 0.24861111111111112
0 0.346484375 0.42291666666666666 0.06953125 0.09861111111111112
0 0.26484375 0.1826388888888889 0.0625 0.08472222222222223
0 0.10117187500000001 0.28125 0.08046875 0.09027777777777778
0 0.091015625 0.24722222222222223 0.08515625 0.09444444444444444
0 0.08125 0.3666666666666667 0.08750000000000001 0.09722222222222222
0 0.06953125 0.33333333333333337 0.0921875 0.1
3 0.10898437500000001 0.9270833333333334 0.21796875000000002 0.14583333333333334
3 0.023046875 0.14583333333333334 0.04609375 0.2916666666666667
2 0.34804687500000003 0.06875 0.09296875 0.1375
