1 0.105859375 0.56875 0.21171875 0.6291666666666667
2 0.49375 0.23194444444444445 0.1203125 0.19444444444444445
0 0.37148437500000003 0.40625 0.07265625 0.10138888888888889
0 0.49375 0.763888888888889 0.1 0.12222222222222223
0 0.6820312500000001 0.5923611111111111 0.109375 0.1125
0 0.698828125 0.5645833333333333 0.11640625 0.11805555555555557
0 0.667578125 0.47708333333333336 0.10078125 0.10416666666666667
0 0.6820312500000001 0.4451388888888889 0.10625000000000001 0.10972222222222222
3 0.5164062500000001 0.0625 0.14375000000000002 0.125
3 0.923046875 0.7583333333333334 0.15390625000000002 0.48333333333333334
2 0.371875 0.9479166666666667 0.18125000000000002 0.10416666666666667
