1 0.099609375 0.28402777777777777 0.19921875 0.39861111111111114
2 0.552734375 0.3909722222222222 0.10859375 0.12638888888888888
0 0.37148437500000003 0.4166666666666667 0.08515625 0.08333333333333334
0 0.31171875000000004 0.5263888888888889 0.13125 0.15
0 0.64765625 0.5597222222222222 0.153125 0.17222222222222222
0 0.651953125 0.46319444444444446 0.15546875000000002 0.15416666666666667
0 0.680859375 0.5159722222222223 0.13515625 0.14305555555555557
0 0.68515625 0.43194444444444446 0.1375 0.13055555555555556
3 0.65546875 0.32430555555555557 0.1625 0.17916666666666667
3 0.954296875 0.6319444444444444 0.09140625000000001 0.7361111111111112
2 0.07734375 0.5256944444444445 0.1546875 0.25416666666666665
