1 0.11289062500000001 0.2673611111111111 0.22578125000000002 0.46805555555555556
2 0.53671875 0.4236111111111111 0.1125 0.19444444444444445
0 0.36875 0.4215277777777778 0.07500000000000001 0.1375
0 0.2859375 0.7555555555555555 0.09062500000000001 0.17777777777777778
0 0.501171875 0.8993055555555556 0.10546875 0.19583333333333333
0 0.508984375 0.8854166666666667 0.11171875 0.20694444444444446
0 0.554296875 0.8076388888888889 0.10390625 0.18472222222222223
0 0.5640625 0.7902777777777779 0.11093750000000001 0.19444444444444445
3 0.70078125 0.24861111111111112 0.2015625 0.25
2 0.10546875 0.7673611111111112 0.1609375 0.24305555555555555
