1 0.19492187500000002 0.2743055555555556 0.18203125 0.30694444444444446
2 0.556640625 0.43194444444444446 0.15078125 0.16944444444444445
0 0.36757812500000003 0.41805555555555557 0.06640625 0.08333333333333334
0 0.152734375 0.4840277777777778 0.07265625 0.12083333333333333
0 0.33203125 0.6062500000000001 0.1234375 0.20416666666666666
0 0.331640625 0.4986111111111111 0.12578125 0.18333333333333335
0 0.45820312500000004 0.5888888888888889 0.13828125 0.19166666666666668
0 0.459765625 0.4861111111111111 0.14140625 0.17222222222222222
3 0.8250000000000001 0.37569444444444444 0.2578125 0.26805555555555555
3 0.26953125 0.6444444444444445 0.5390625 0.7111111111111111
2 0.037109375 0.4340277777777778 0.07421875 0.17083333333333334
