1 0.6355468750000001 0.41250000000000003 0.21171875 0.5527777777777778
3 0.6062500000000001 0.03333333333333333 0.15625 0.06666666666666667
2 0.16718750000000002 0.3784722222222222 0.13125 0.20416666666666666
0 0.3453125 0.4083333333333333 0.07968750000000001 0.14722222222222223
0 0.412890625 0.16319444444444445 0.06796875000000001 0.11805555555555557
0 0.26640625 0.0951388888888889 0.06406250000000001 0.10972222222222222
0 0.26328125 0.05902777777777778 0.0671875 0.1125
0 0.22109375 0.13402777777777777 0.0671875 0.11527777777777778
0 0.21601562500000002 0.09791666666666667 0.06953125 0.11805555555555557
3 0.022265625 0.5229166666666667 0.04453125 0.3041666666666667
3 0.23125 0.0 0.11875000000000001 0.0
2 0.540234375 0.14166666666666666 0.10078125 0.16944444444444445
