1 0.5859375 0.3180555555555556 0.33906250000000004 0.6361111111111112
3 0.8210937500000001 0.3402777777777778 0.1875 0.20833333333333334
2 0.248828125 0.36388888888888893 0.08515625 0.10833333333333334
0 0.35234375 0.4118055555555556 0.0484375 0.07916666666666666
0 0.520703125 0.3854166666666667 0.057031250000000006 0.06527777777777778
0 0.42617187500000003 0.3541666666666667 0.03828125 0.05
0 0.4265625 0.31527777777777777 0.0390625 0.04722222222222222
0 0.37929687500000003 0.3527777777777778 0.03515625 0.05
0 0.37929687500000003 0.31527777777777777 0.03515625 0.04722222222222222
3 0.080078125 0.3236111111111111 0.14140625 0.17777777777777778
3 0.46601562500000004 0.29444444444444445 0.10234375000000001 0.125
2 0.6671875 0.39166666666666666 0.1375 0.13333333333333333
