1 0.090234375 0.2881944444444445 0.18046875 0.42638888888888893
3 0.0 0.6347222222222223 0.0 0.7305555555555556
2 0.5390625 0.3826388888888889 0.11093750000000001 0.11527777777777778
0 0.37148437500000003 0.41597222222222224 0.08359375000000001 0.08194444444444444
0 0.366796875 0.5270833333333333 0.13203125000000002 0.14583333333333334
0 0.691015625 0.5326388888888889 0.13984375000000002 0.1486111111111111
0 0.6960937500000001 0.4430555555555556 0.1421875 0.13611111111111113
0 0.6996093750000001 0.4916666666666667 0.12109375 0.125
0 0.7046875 0.4138888888888889 0.1234375 0.11388888888888889
3 0.611328125 0.31875000000000003 0.14453125 0.16805555555555557
2 0.10429687500000001 0.5465277777777778 0.20859375000000002 0.2652777777777778
