1 0.08984375 0.5 0.1796875 0.6027777777777777
2 0.5140625 0.2611111111111111 0.12187500000000001 0.18888888888888888
0 0.370703125 0.40972222222222227 0.07734375 0.11666666666666667
0 0.45351562500000003 0.7972222222222223 0.09609375 0.14722222222222223
0 0.6734375 0.6770833333333334 0.1078125 0.1375
0 0.6902343750000001 0.6513888888888889 0.11484375000000001 0.14444444444444446
0 0.6707031250000001 0.5541666666666667 0.10078125 0.1277777777777778
0 0.6863281250000001 0.5243055555555556 0.10703125000000001 0.13472222222222222
3 0.5640625 0.07847222222222222 0.1609375 0.15694444444444444
3 0.9128906250000001 0.8423611111111111 0.17421875 0.31527777777777777
2 0.296484375 0.951388888888889 0.16796875 0.09722222222222222
