1 0.28515625 0.27708333333333335 0.1484375 0.25972222222222224
2 0.50390625 0.4652777777777778 0.15000000000000002 0.18611111111111112
0 0.36367187500000003 0.42430555555555555 0.05390625 0.07916666666666666
0 0.13359375 0.44722222222222224 0.08750000000000001 0.09166666666666667
0 0.114453125 0.5604166666666667 0.13359375 0.15694444444444444
0 0.110546875 0.4715277777777778 0.13671875 0.14305555555555557
0 0.21601562500000002 0.5756944444444445 0.12109375 0.16805555555555557
0 0.213671875 0.48333333333333334 0.12265625000000001 0.1527777777777778
3 0.8480468750000001 0.46875 0.30390625000000004 0.40972222222222227
2 0.07773437500000001 0.3923611111111111 0.08984375 0.12083333333333333
