1 0.10429687500000001 0.3076388888888889 0.20859375000000002 0.48750000000000004
2 0.5390625 0.38819444444444445 0.10625000000000001 0.18194444444444446
0 0.37109375 0.4201388888888889 0.078125 0.1375
0 0.31875000000000003 0.7840277777777778 0.09531250000000001 0.17916666666666667
0 0.546875 0.8756944444444444 0.109375 0.1902777777777778
0 0.55703125 0.8625 0.115625 0.2
0 0.58984375 0.7708333333333334 0.10625000000000001 0.17777777777777778
0 0.6015625 0.7527777777777778 0.1125 0.18611111111111112
3 0.6828125 0.18611111111111112 0.19843750000000002 0.26666666666666666
2 0.130859375 0.8423611111111111 0.16328125000000002 0.23472222222222222
