1 0.287109375 0.10694444444444445 0.19609375 0.2138888888888889
2 0.46406250000000004 0.7118055555555556 0.12812500000000002 0.2652777777777778
0 0.359375 0.43333333333333335 0.065625 0.1527777777777778
0 0.12890625 0.4881944444444445 0.0890625 0.15972222222222224
0 0.115234375 0.8763888888888889 0.11171875 0.2111111111111111
0 0.10078125 0.8604166666666667 0.1203125 0.22083333333333335
0 0.191796875 0.9152777777777779 0.10546875 0.16944444444444445
0 0.181640625 0.9055555555555556 0.11328125 0.18888888888888888
3 0.792578125 0.8479166666666667 0.37265625 0.3041666666666667
2 0.069140625 0.28958333333333336 0.10390625 0.19861111111111113
