1 0.253125 0.2743055555555556 0.15781250000000002 0.27083333333333337
2 0.52109375 0.44930555555555557 0.1546875 0.17916666666666667
0 0.362890625 0.41805555555555557 0.047656250000000004 0.07777777777777778
0 0.130859375 0.4534722222222222 0.08359375000000001 0.09583333333333334
0 0.16640625 0.5694444444444444 0.11875000000000001 0.1638888888888889
0 0.16328125000000002 0.47500000000000003 0.1203125 0.15
0 0.2828125 0.5750000000000001 0.09531250000000001 0.16666666666666669
0 0.28203125 0.4791666666666667 0.096875 0.1527777777777778
3 0.853125 0.4256944444444445 0.29375 0.3458333333333333
2 0.050390625 0.4 0.09296875 0.13333333333333333
