1 0.08515625 0.4305555555555556 0.1703125 0.5472222222222223
2 0.526953125 0.2986111111111111 0.11640625 0.17222222222222222
0 0.37109375 0.4131944444444445 0.07968750000000001 0.12638888888888888
0 0.409765625 0.8041666666666667 0.09921875000000001 0.1638888888888889
0 0.640625 0.75 0.10312500000000001 0.15833333333333333
0 0.655859375 0.7277777777777779 0.10859375 0.16666666666666669
0 0.6527343750000001 0.6270833333333333 0.09609375 0.14583333333333334
0 0.6671875 0.6006944444444444 0.1015625 0.15416666666666667
3 0.6046875 0.10208333333333333 0.17343750000000002 0.20416666666666666
3 0.8832031250000001 0.9284722222222223 0.23359375000000002 0.14305555555555557
2 0.23007812500000002 0.9347222222222222 0.15078125 0.13055555555555556
