1 0.10429687500000001 0.3111111111111111 0.20859375000000002 0.48333333333333334
2 0.537109375 0.3854166666666667 0.10390625 0.17916666666666667
0 0.370703125 0.41944444444444445 0.07734375 0.13611111111111113
0 0.32109375 0.7791666666666667 0.09531250000000001 0.17777777777777778
0 0.55 0.8659722222222223 0.109375 0.1902777777777778
0 0.56015625 0.8506944444444445 0.115625 0.19861111111111113
0 0.591796875 0.7604166666666667 0.10546875 0.1763888888888889
0 0.603515625 0.7409722222222223 0.11171875 0.18472222222222223
3 0.6765625000000001 0.18541666666666667 0.1953125 0.2652777777777778
2 0.1328125 0.8409722222222222 0.1625 0.23472222222222222
