1 0.13828125 0.22013888888888888 0.2265625 0.44027777777777777
3 0.005078125 0.913888888888889 0.01015625 0.17222222222222222
2 0.534375 0.4756944444444445 0.12187500000000001 0.20972222222222223
0 0.36875 0.425 0.06875 0.1388888888888889
0 0.25 0.7201388888888889 0.08125 0.17083333333333334
0 0.435546875 0.9152777777777779 0.09453125000000001 0.16944444444444445
0 0.43984375000000003 0.9076388888888889 0.1 0.18472222222222223
0 0.500390625 0.8604166666666667 0.09765625 0.1875
0 0.507421875 0.8472222222222222 0.10234375000000001 0.19722222222222224
3 0.7292968750000001 0.3423611111111111 0.20859375000000002 0.24861111111111112
2 0.086328125 0.6770833333333334 0.15078125 0.24027777777777778
