1 0.16796875 0.27708333333333335 0.19062500000000002 0.3236111111111111
2 0.56015625 0.4215277777777778 0.1390625 0.15694444444444444
0 0.36875 0.41805555555555557 0.0734375 0.08333333333333334
0 0.182421875 0.49722222222222223 0.08671875000000001 0.13055555555555556
0 0.42265625 0.6062500000000001 0.15000000000000002 0.20694444444444446
0 0.423828125 0.49930555555555556 0.15234375 0.18472222222222223
0 0.532421875 0.5777777777777778 0.15390625000000002 0.18611111111111112
0 0.535546875 0.4777777777777778 0.15703125 0.16666666666666669
3 0.7828125 0.35833333333333334 0.22968750000000002 0.23333333333333334
3 0.5 0.6465277777777778 1.0 0.7069444444444445
2 0.039453125000000006 0.4534722222222222 0.07890625000000001 0.1902777777777778
