1 0.43125 0.125 0.19687500000000002 0.25
3 0.084375 0.05763888888888889 0.1296875 0.11527777777777778
2 0.31484375000000003 0.7215277777777778 0.1328125 0.2763888888888889
0 0.35273437500000004 0.4305555555555556 0.08046875 0.14166666666666666
0 0.17929687500000002 0.3041666666666667 0.08046875 0.1277777777777778
0 0.059375000000000004 0.5506944444444445 0.1 0.15416666666666667
0 0.049218750000000006 0.5236111111111111 0.09843750000000001 0.16111111111111112
0 0.08203125 0.6486111111111111 0.1046875 0.16666666666666669
0 0.06875 0.6243055555555556 0.109375 0.1736111111111111
3 0.4734375 0.9986111111111111 0.203125 0.002777777777777778
2 0.20039062500000002 0.1277777777777778 0.10078125 0.17500000000000002
