1 0.4 0.26875 0.153125 0.2625
3 0.10078125 0.30833333333333335 0.1015625 0.14444444444444446
2 0.32578125 0.4791666666666667 0.15625 0.2138888888888889
0 0.353125 0.41944444444444445 0.08281250000000001 0.08333333333333334
0 0.1703125 0.3965277777777778 0.078125 0.07083333333333333
0 0.03515625 0.4590277777777778 0.0703125 0.10694444444444445
0 0.03359375 0.39166666666666666 0.0671875 0.09722222222222222
0 0.045703125000000004 0.4881944444444445 0.09140625000000001 0.12361111111111112
0 0.044140625 0.41250000000000003 0.08828125 0.11388888888888889
3 0.6917968750000001 0.6305555555555555 0.5164062500000001 0.7388888888888889
2 0.198046875 0.3506944444444445 0.08984375 0.09305555555555556
