1 0.340625 0.33194444444444443 0.3828125 0.6638888888888889
3 0.95078125 0.4638888888888889 0.09843750000000001 0.4361111111111111
2 0.34023437500000003 0.3548611111111111 0.07109375 0.09583333333333334
0 0.36015625 0.4118055555555556 0.0765625 0.08194444444444444
0 0.587890625 0.42291666666666666 0.07109375 0.08750000000000001
0 0.55703125 0.3736111111111111 0.0546875 0.061111111111111116
0 0.558203125 0.3298611111111111 0.055468750000000004 0.05694444444444444
0 0.5078125 0.36597222222222225 0.053125000000000006 0.05694444444444444
0 0.508984375 0.32430555555555557 0.05390625 0.05416666666666667
3 0.251171875 0.3041666666666667 0.07734375 0.14166666666666666
3 0.6734375 0.3138888888888889 0.1421875 0.15833333333333333
2 0.73359375 0.4673611111111111 0.1796875 0.2013888888888889
