1 0.28828125 0.763888888888889 0.328125 0.47222222222222227
3 0.876953125 0.8652777777777778 0.24609375 0.26944444444444443
2 0.3640625 0.1763888888888889 0.08281250000000001 0.17500000000000002
0 0.36250000000000004 0.39722222222222225 0.07500000000000001 0.1388888888888889
0 0.56796875 0.49375 0.084375 0.1513888888888889
0 0.5886718750000001 0.2534722222222222 0.07265625 0.12361111111111112
0 0.596875 0.22013888888888888 0.07500000000000001 0.12638888888888888
0 0.54453125 0.19861111111111113 0.06875 0.11666666666666667
0 0.55078125 0.16527777777777777 0.07187500000000001 0.11944444444444445
3 0.275 0.05277777777777778 0.08750000000000001 0.10555555555555556
3 0.7605468750000001 0.14097222222222222 0.18671875000000002 0.28194444444444444
2 0.6238281250000001 0.7541666666666667 0.12109375 0.26666666666666666
