1 0.24609375 0.11875000000000001 0.21406250000000002 0.23750000000000002
2 0.498828125 0.6923611111111111 0.14921875 0.28750000000000003
0 0.361328125 0.43333333333333335 0.05859375 0.15
0 0.12421875 0.5465277777777778 0.08750000000000001 0.1625
0 0.151171875 0.9270833333333334 0.10546875 0.14583333333333334
0 0.13828125 0.9173611111111112 0.11406250000000001 0.16527777777777777
0 0.241015625 0.9472222222222223 0.09453125000000001 0.10555555555555556
0 0.23359375000000002 0.9388888888888889 0.1015625 0.12222222222222223
3 0.8265625000000001 0.7993055555555556 0.34687500000000004 0.4013888888888889
2 0.048046875 0.35000000000000003 0.09609375 0.225
