1 0.3203125 0.09652777777777778 0.1921875 0.19305555555555556
3 0.00078125 0.16666666666666669 0.0015625 0.33055555555555555
2 0.43046875 0.7291666666666667 0.10625000000000001 0.24444444444444446
0 0.357421875 0.43333333333333335 0.07265625 0.15555555555555556
0 0.13398437500000002 0.4361111111111111 0.08984375 0.15555555555555556
0 0.08515625 0.7986111111111112 0.115625 0.20277777777777778
0 0.06953125 0.7791666666666667 0.1234375 0.2138888888888889
0 0.148828125 0.8784722222222222 0.11328125 0.2152777777777778
0 0.13671875 0.8631944444444445 0.12187500000000001 0.2263888888888889
3 0.741796875 0.8958333333333334 0.36640625000000004 0.20833333333333334
2 0.096875 0.23611111111111113 0.10625000000000001 0.17777777777777778
