1 0.11640625 0.5513888888888889 0.225 0.5527777777777778
2 0.48164062500000004 0.24791666666666667 0.10859375 0.17916666666666667
0 0.37031250000000004 0.40694444444444444 0.065625 0.09166666666666667
0 0.478515625 0.7229166666666667 0.08671875000000001 0.10972222222222222
0 0.6472656250000001 0.5722222222222223 0.09453125000000001 0.1
0 0.6605468750000001 0.5465277777777778 0.09921875000000001 0.10416666666666667
0 0.636328125 0.4701388888888889 0.08828125 0.09583333333333334
0 0.648046875 0.44097222222222227 0.09296875 0.09861111111111112
3 0.50390625 0.07361111111111111 0.13125 0.14722222222222223
3 0.89453125 0.7194444444444444 0.2109375 0.43333333333333335
2 0.370703125 0.9159722222222223 0.15546875000000002 0.16805555555555557
