1 0.10039062500000001 0.2986111111111111 0.19296875000000002 0.3805555555555556
3 0.0 0.6472222222222223 0.0 0.7055555555555556
2 0.53046875 0.3875 0.1015625 0.11111111111111112
0 0.369921875 0.41597222222222224 0.07890625000000001 0.0763888888888889
0 0.34921875 0.5145833333333334 0.11875000000000001 0.12916666666666668
0 0.640234375 0.5263888888888889 0.12265625000000001 0.13611111111111113
0 0.64375 0.4451388888888889 0.125 0.12638888888888888
0 0.6589843750000001 0.49097222222222225 0.10859375 0.11527777777777778
0 0.6628906250000001 0.41875 0.11015625000000001 0.10694444444444445
3 0.6097656250000001 0.32569444444444445 0.13984375000000002 0.1625
3 0.93515625 0.6416666666666667 0.1296875 0.7166666666666667
2 0.10390625 0.5236111111111111 0.2078125 0.22777777777777777
