1 0.17929687500000002 0.7166666666666667 0.32578125 0.5666666666666667
2 0.416796875 0.18333333333333335 0.09921875000000001 0.18888888888888888
0 0.3671875 0.3993055555555556 0.07968750000000001 0.13194444444444445
0 0.558203125 0.6048611111111112 0.09921875000000001 0.15416666666666667
0 0.640234375 0.36388888888888893 0.08984375 0.1277777777777778
0 0.6515625 0.33125 0.09375 0.13194444444444445
0 0.602734375 0.28611111111111115 0.08359375000000001 0.11944444444444445
0 0.6125 0.2520833333333333 0.08750000000000001 0.12361111111111112
3 0.36562500000000003 0.04236111111111111 0.0921875 0.08472222222222223
3 0.87265625 0.3201388888888889 0.21875 0.33472222222222225
2 0.555859375 0.8756944444444444 0.16171875000000002 0.24861111111111112
