1 0.608984375 0.5409722222222222 0.27109375 0.5458333333333334
3 0.70859375 0.10277777777777779 0.16562500000000002 0.20555555555555557
2 0.201953125 0.30069444444444443 0.11484375000000001 0.19861111111111113
0 0.34804687500000003 0.4013888888888889 0.06484375 0.1388888888888889
0 0.46484375 0.20694444444444446 0.0625 0.11666666666666667
0 0.3453125 0.08819444444444445 0.051562500000000004 0.10416666666666667
0 0.3453125 0.05347222222222223 0.053125000000000006 0.10694444444444445
0 0.29765625 0.10625 0.051562500000000004 0.10694444444444445
0 0.295703125 0.07222222222222223 0.05390625 0.10833333333333334
3 0.045312500000000006 0.3201388888888889 0.09062500000000001 0.2847222222222222
3 0.354296875 0.0 0.11328125 0.0
2 0.594921875 0.24166666666666667 0.11640625 0.18888888888888888
