1 0.10859375 0.29097222222222224 0.2015625 0.37083333333333335
2 0.54609375 0.3944444444444445 0.10312500000000001 0.125
0 0.37031250000000004 0.4166666666666667 0.08125 0.08055555555555556
0 0.300390625 0.5173611111111112 0.12109375 0.1375
0 0.6117187500000001 0.5548611111111111 0.1453125 0.1625
0 0.6160156250000001 0.4638888888888889 0.14765625000000002 0.14722222222222223
0 0.651953125 0.5159722222222223 0.13046875 0.1375
0 0.655859375 0.43472222222222223 0.13203125000000002 0.125
3 0.65546875 0.3298611111111111 0.1609375 0.1763888888888889
3 0.9011718750000001 0.6423611111111112 0.19765625 0.7152777777777778
2 0.078125 0.5111111111111112 0.15625 0.23055555555555557
