1 0.11992187500000001 0.5534722222222223 0.22265625 0.5402777777777777
2 0.48085937500000003 0.24722222222222223 0.10703125000000001 0.17777777777777778
0 0.37031250000000004 0.40694444444444444 0.06406250000000001 0.08888888888888889
0 0.47578125000000004 0.7222222222222222 0.084375 0.10555555555555556
0 0.6429687500000001 0.5729166666666667 0.0921875 0.09861111111111112
0 0.655859375 0.5486111111111112 0.09765625 0.10277777777777779
0 0.6328125 0.4715277777777778 0.0859375 0.09305555555555556
0 0.64453125 0.4430555555555556 0.09062500000000001 0.09722222222222222
3 0.504296875 0.07222222222222223 0.13203125000000002 0.14444444444444446
3 0.88984375 0.7208333333333333 0.22031250000000002 0.4222222222222222
2 0.36953125000000003 0.9152777777777779 0.15156250000000002 0.16944444444444445
