1 0.08750000000000001 0.4291666666666667 0.17500000000000002 0.5277777777777778
2 0.525 0.30208333333333337 0.11406250000000001 0.16805555555555557
0 0.37109375 0.4131944444444445 0.078125 0.12361111111111112
0 0.405859375 0.7972222222222223 0.09609375 0.15833333333333333
0 0.630078125 0.7479166666666667 0.10078125 0.15416666666666667
0 0.64453125 0.7284722222222223 0.10625000000000001 0.1625
0 0.64375 0.6284722222222222 0.09531250000000001 0.14305555555555557
0 0.6578125 0.6041666666666667 0.1 0.15
3 0.605078125 0.10347222222222223 0.17265625 0.20694444444444446
3 0.87265625 0.93125 0.2546875 0.1375
2 0.23164062500000002 0.9298611111111111 0.14296875 0.14027777777777778
