1 0.12070312500000001 0.22708333333333333 0.24140625000000002 0.45416666666666666
3 0.0 0.951388888888889 0.0 0.09722222222222222
2 0.54296875 0.4638888888888889 0.1265625 0.21666666666666667
0 0.36875 0.4236111111111111 0.0734375 0.14444444444444446
0 0.25078125 0.7423611111111111 0.0890625 0.18472222222222223
0 0.45625000000000004 0.9222222222222223 0.1046875 0.15555555555555556
0 0.46171875 0.913888888888889 0.11093750000000001 0.17222222222222222
0 0.52265625 0.8715277777777778 0.10625000000000001 0.2013888888888889
0 0.53125 0.8562500000000001 0.1125 0.2125
3 0.7390625000000001 0.3145833333333333 0.22031250000000002 0.2513888888888889
2 0.07773437500000001 0.7097222222222223 0.15546875000000002 0.2555555555555556
