1 0.144140625 0.2777777777777778 0.20078125000000002 0.34444444444444444
2 0.562109375 0.41250000000000003 0.12890625 0.15
0 0.36953125000000003 0.41805555555555557 0.07968750000000001 0.08611111111111111
0 0.207421875 0.5090277777777777 0.10390625 0.14027777777777778
0 0.495703125 0.6027777777777777 0.16640625 0.20833333333333334
0 0.498046875 0.49583333333333335 0.16953125000000002 0.18611111111111112
0 0.58828125 0.5666666666666667 0.1609375 0.18055555555555555
0 0.5921875 0.46875 0.1640625 0.1625
3 0.751953125 0.34444444444444444 0.21171875 0.2138888888888889
3 0.7203125 0.6430555555555556 0.5593750000000001 0.7138888888888889
2 0.042578125 0.4729166666666667 0.08515625 0.20972222222222223
