1 0.50390625 0.15208333333333335 0.2171875 0.3041666666666667
3 0.189453125 0.01875 0.12734375 0.0375
2 0.246875 0.6923611111111111 0.15000000000000002 0.28194444444444444
0 0.349609375 0.4277777777777778 0.08046875 0.1277777777777778
0 0.215234375 0.23125 0.07265625 0.10972222222222222
0 0.063671875 0.4076388888888889 0.08515625 0.12638888888888888
0 0.05078125 0.3763888888888889 0.0890625 0.13055555555555556
0 0.0625 0.50625 0.09062500000000001 0.13472222222222222
0 0.048828125 0.4763888888888889 0.09453125000000001 0.14166666666666666
3 0.22421875000000002 0.9944444444444445 0.2765625 0.011111111111111112
2 0.269140625 0.08055555555555556 0.09921875000000001 0.16111111111111112
