1 0.27890625 0.11527777777777778 0.18906250000000002 0.23055555555555557
2 0.46484375 0.6861111111111111 0.12187500000000001 0.24722222222222223
0 0.35976562500000003 0.43333333333333335 0.05859375 0.14166666666666666
0 0.144921875 0.5020833333333333 0.08046875 0.1486111111111111
0 0.14960937500000002 0.8631944444444445 0.09609375 0.1902777777777778
0 0.13828125 0.85 0.10312500000000001 0.2
0 0.223046875 0.9083333333333333 0.08984375 0.18333333333333335
0 0.215234375 0.9 0.09609375 0.2
3 0.7582031250000001 0.8243055555555556 0.32109375 0.3513888888888889
2 0.079296875 0.31527777777777777 0.09296875 0.19444444444444445
