1 0.34765625 0.7805555555555556 0.32343750000000004 0.4222222222222222
3 0.8871093750000001 0.7833333333333333 0.22578125000000002 0.43333333333333335
2 0.33632812500000003 0.1736111111111111 0.07578125000000001 0.16944444444444445
0 0.35976562500000003 0.39513888888888893 0.07265625 0.14305555555555557
0 0.56953125 0.4416666666666667 0.0765625 0.14722222222222223
0 0.5625 0.20416666666666666 0.065625 0.11944444444444445
0 0.569921875 0.1701388888888889 0.06796875000000001 0.12361111111111112
0 0.51484375 0.16041666666666668 0.0625 0.11527777777777778
0 0.5203125000000001 0.12638888888888888 0.06406250000000001 0.11944444444444445
3 0.22578125000000002 0.0638888888888889 0.1078125 0.1277777777777778
3 0.710546875 0.10277777777777779 0.17890625000000002 0.20555555555555557
2 0.6578125 0.6777777777777778 0.1265625 0.24166666666666667
