1 0.35585937500000003 0.10416666666666667 0.18984375 0.20833333333333334
3 0.022656250000000003 0.12361111111111112 0.045312500000000006 0.24722222222222223
2 0.38789062500000004 0.7319444444444445 0.10546875 0.2555555555555556
0 0.35585937500000003 0.4326388888888889 0.07578125000000001 0.1513888888888889
0 0.14765625000000002 0.38819444444444445 0.08750000000000001 0.14583333333333334
0 0.071484375 0.7104166666666667 0.11171875 0.1875
0 0.0578125 0.6881944444444444 0.115625 0.19583333333333333
0 0.1203125 0.8 0.1125 0.2
0 0.107421875 0.78125 0.11953125 0.20972222222222223
3 0.6609375000000001 0.9347222222222222 0.325 0.13055555555555556
2 0.13203125000000002 0.19444444444444445 0.1046875 0.17500000000000002
