1 0.15625 0.1951388888888889 0.22968750000000002 0.3902777777777778
2 0.534375 0.5229166666666667 0.1328125 0.23194444444444445
0 0.36796875 0.42708333333333337 0.065625 0.14027777777777778
0 0.21601562500000002 0.69375 0.07421875 0.17083333333333334
0 0.37890625 0.93125 0.08750000000000001 0.1375
0 0.38046875 0.9243055555555556 0.0921875 0.1513888888888889
0 0.45546875000000003 0.9076388888888889 0.0921875 0.18472222222222223
0 0.460546875 0.8993055555555556 0.09765625 0.2013888888888889
3 0.762890625 0.43125 0.22265625 0.29583333333333334
2 0.068359375 0.607638888888889 0.13671875 0.24583333333333335
