1 0.39375000000000004 0.11458333333333334 0.19062500000000002 0.22916666666666669
3 0.049218750000000006 0.08888888888888889 0.09843750000000001 0.17777777777777778
2 0.350390625 0.725 0.11953125 0.2638888888888889
0 0.35390625000000003 0.43194444444444446 0.078125 0.14444444444444446
0 0.16484375 0.3451388888888889 0.08281250000000001 0.13472222222222222
0 0.06640625 0.625 0.1046875 0.16944444444444445
0 0.05390625 0.6006944444444444 0.1078125 0.1763888888888889
0 0.1015625 0.7194444444444444 0.1078125 0.18055555555555555
0 0.08828125 0.6972222222222223 0.11406250000000001 0.18888888888888888
3 0.566015625 0.9652777777777778 0.26328125 0.06944444444444445
2 0.168359375 0.16111111111111112 0.10078125 0.17500000000000002
