1 0.242578125 0.13055555555555556 0.20390625 0.2611111111111111
2 0.49257812500000003 0.6569444444444444 0.13515625 0.25833333333333336
0 0.362109375 0.4326388888888889 0.049218750000000006 0.13472222222222222
0 0.14921875 0.55625 0.07500000000000001 0.14583333333333334
0 0.19492187500000002 0.9159722222222223 0.08359375000000001 0.16805555555555557
0 0.185546875 0.9083333333333333 0.08984375 0.18333333333333335
0 0.276953125 0.9291666666666667 0.07421875 0.14166666666666666
0 0.27187500000000003 0.9215277777777778 0.07968750000000001 0.15694444444444444
3 0.78515625 0.7743055555555556 0.30781250000000004 0.44583333333333336
2 0.062109375 0.38125000000000003 0.10546875 0.2152777777777778
