1 0.5984375000000001 0.31736111111111115 0.28125 0.5736111111111112
3 0.745703125 0.3277777777777778 0.15234375 0.17777777777777778
2 0.229296875 0.3701388888888889 0.09296875 0.10972222222222222
0 0.35078125000000004 0.41250000000000003 0.05625 0.07777777777777778
0 0.49296875 0.37986111111111115 0.0578125 0.0625
0 0.390625 0.35347222222222224 0.040625 0.04861111111111111
0 0.39101562500000003 0.3159722222222222 0.041406250000000006 0.04583333333333334
0 0.345703125 0.3541666666666667 0.03828125 0.05
0 0.345703125 0.31666666666666665 0.03828125 0.04722222222222222
3 0.061328125000000004 0.3340277777777778 0.12265625000000001 0.1875
3 0.416015625 0.29444444444444445 0.09453125000000001 0.11944444444444445
2 0.6277343750000001 0.37986111111111115 0.11796875000000001 0.11805555555555557
