1 0.142578125 0.20347222222222222 0.23828125 0.40694444444444444
2 0.541015625 0.5083333333333333 0.13515625 0.23333333333333334
0 0.36796875 0.42638888888888893 0.06875 0.14444444444444446
0 0.21992187500000002 0.7125 0.08046875 0.18055555555555555
0 0.40078125000000003 0.9340277777777778 0.09531250000000001 0.13194444444444445
0 0.403125 0.9263888888888889 0.1015625 0.14722222222222223
0 0.4765625 0.90625 0.1 0.1875
0 0.48359375000000004 0.8972222222222223 0.10625000000000001 0.20555555555555557
3 0.766796875 0.39722222222222225 0.23046875 0.2916666666666667
2 0.0671875 0.6361111111111112 0.134375 0.2555555555555556
