1 0.18046875 0.17152777777777778 0.2265625 0.34305555555555556
2 0.527734375 0.5701388888888889 0.13984375000000002 0.24861111111111112
0 0.366796875 0.4291666666666667 0.05859375 0.1388888888888889
0 0.187890625 0.6555555555555556 0.06484375 0.1638888888888889
0 0.31640625 0.9375 0.0765625 0.125
0 0.314453125 0.9305555555555556 0.08046875 0.1388888888888889
0 0.401171875 0.925 0.08046875 0.15
0 0.40351562500000004 0.9173611111111112 0.08515625 0.16527777777777777
3 0.7796875000000001 0.5347222222222222 0.24531250000000002 0.3472222222222222
2 0.060546875 0.5319444444444444 0.12109375 0.24166666666666667
