1 0.148828125 0.6798611111111111 0.29765625 0.6069444444444445
2 0.44257812500000004 0.1951388888888889 0.10703125000000001 0.19305555555555556
0 0.36875 0.4013888888888889 0.078125 0.12222222222222223
0 0.54296875 0.6590277777777778 0.10312500000000001 0.1486111111111111
0 0.6585937500000001 0.43125 0.096875 0.12638888888888888
0 0.671484375 0.4 0.10234375000000001 0.13055555555555556
0 0.6277343750000001 0.3416666666666667 0.08984375 0.11666666666666667
0 0.638671875 0.30833333333333335 0.09453125000000001 0.12222222222222223
3 0.416015625 0.04652777777777778 0.10546875 0.09305555555555556
3 0.9031250000000001 0.44236111111111115 0.19375 0.3819444444444445
2 0.504296875 0.9041666666666667 0.17265625 0.19166666666666668
