1 0.1265625 0.28541666666666665 0.2015625 0.3541666666666667
2 0.5515625000000001 0.40347222222222223 0.109375 0.13472222222222222
0 0.369921875 0.4173611111111111 0.08046875 0.08194444444444444
0 0.253125 0.513888888888889 0.11406250000000001 0.1388888888888889
0 0.55859375 0.5777777777777778 0.15781250000000002 0.18333333333333335
0 0.56171875 0.4798611111111111 0.1609375 0.16527777777777777
0 0.6238281250000001 0.5395833333333333 0.14609375 0.15694444444444444
0 0.628125 0.4513888888888889 0.1484375 0.14166666666666666
3 0.6996093750000001 0.33611111111111114 0.18203125 0.18888888888888888
3 0.8230468750000001 0.6458333333333334 0.35390625000000003 0.7083333333333334
2 0.058984375000000006 0.4916666666666667 0.11796875000000001 0.21944444444444444
