1 0.614453125 0.3055555555555556 0.14609375 0.4361111111111111
3 0.571484375 0.3055555555555556 0.11328125 0.13055555555555556
2 0.180078125 0.3902777777777778 0.11640625 0.11944444444444445
0 0.34609375000000003 0.4138888888888889 0.07500000000000001 0.07777777777777778
0 0.41484375 0.36944444444444446 0.059375000000000004 0.05555555555555556
0 0.290625 0.35694444444444445 0.051562500000000004 0.05
0 0.290234375 0.3194444444444445 0.05078125 0.04722222222222222
0 0.24960937500000002 0.3625 0.05234375 0.05277777777777778
0 0.248828125 0.3236111111111111 0.05234375 0.05
3 0.021484375 0.37222222222222223 0.04296875 0.24166666666666667
3 0.274609375 0.2965277777777778 0.08515625 0.11527777777777778
2 0.52578125 0.35555555555555557 0.07968750000000001 0.09166666666666667
