1 0.5390625 0.2826388888888889 0.16875 0.30972222222222223
3 0.3375 0.2972222222222222 0.0921875 0.11944444444444445
2 0.18046875 0.4395833333333333 0.1296875 0.16527777777777777
0 0.34453125 0.41597222222222224 0.0703125 0.07083333333333333
0 0.28515625 0.3701388888888889 0.05625 0.051388888888888894
0 0.13046875 0.3840277777777778 0.07187500000000001 0.05694444444444444
0 0.129296875 0.33958333333333335 0.07265625 0.05416666666666667
0 0.10039062500000001 0.4 0.08046875 0.0638888888888889
0 0.09843750000000001 0.3506944444444445 0.08125 0.059722222222222225
3 0.060937500000000006 0.5569444444444445 0.12187500000000001 0.5833333333333334
3 0.049218750000000006 0.3215277777777778 0.09843750000000001 0.1625
2 0.36367187500000003 0.3402777777777778 0.07578125000000001 0.08055555555555556
