1 0.23359375000000002 0.7416666666666667 0.32343750000000004 0.5166666666666667
3 0.862890625 0.9527777777777778 0.27421875 0.09444444444444444
2 0.389453125 0.18055555555555555 0.08984375 0.18055555555555555
0 0.36445312500000004 0.39861111111111114 0.07734375 0.13611111111111113
0 0.562890625 0.5465277777777778 0.09140625000000001 0.1513888888888889
0 0.6125 0.3055555555555556 0.07968750000000001 0.125
0 0.622265625 0.27361111111111114 0.08359375000000001 0.1277777777777778
0 0.571875 0.24097222222222223 0.07500000000000001 0.11805555555555557
0 0.5796875 0.2076388888888889 0.078125 0.12083333333333333
3 0.31679687500000003 0.04513888888888889 0.07890625000000001 0.09027777777777778
3 0.81015625 0.22222222222222224 0.19843750000000002 0.2888888888888889
2 0.59140625 0.8284722222222223 0.140625 0.2902777777777778
