1 0.62890625 0.47847222222222224 0.246875 0.5597222222222222
3 0.66015625 0.06041666666666667 0.1625 0.12083333333333333
2 0.18203125 0.3368055555555556 0.125 0.20416666666666666
0 0.34687500000000004 0.4048611111111111 0.0734375 0.14583333333333334
0 0.440234375 0.18125 0.06640625 0.11805555555555557
0 0.30546875 0.08611111111111111 0.0578125 0.10833333333333334
0 0.303515625 0.05347222222222223 0.06015625 0.10694444444444445
0 0.25820312500000003 0.11527777777777778 0.06015625 0.11111111111111112
0 0.255078125 0.07986111111111112 0.06171875 0.11527777777777778
3 0.031640625 0.41458333333333336 0.06328125 0.2763888888888889
3 0.290625 0.0 0.1125 0.0
2 0.570703125 0.18611111111111112 0.11015625000000001 0.18055555555555555
