1 0.082421875 0.3104166666666667 0.16484375 0.46805555555555556
3 0.3203125 0.65 0.640625 0.7000000000000001
2 0.495703125 0.3729166666666667 0.10234375000000001 0.10416666666666667
0 0.369921875 0.41458333333333336 0.07109375 0.07083333333333333
0 0.46406250000000004 0.50625 0.1046875 0.11527777777777778
0 0.692578125 0.47500000000000003 0.11796875000000001 0.1
0 0.696484375 0.40555555555555556 0.11953125 0.09444444444444444
0 0.6722656250000001 0.4451388888888889 0.10234375000000001 0.08472222222222223
0 0.675390625 0.38472222222222224 0.10390625 0.08055555555555556
3 0.520703125 0.31319444444444444 0.11015625000000001 0.14583333333333334
3 0.977734375 0.48888888888888893 0.04453125 0.45555555555555555
2 0.28359375000000003 0.5645833333333333 0.1953125 0.28194444444444444
