1 0.36953125000000003 0.26666666666666666 0.1484375 0.25833333333333336
3 0.049609375000000004 0.3145833333333333 0.09921875000000001 0.15694444444444444
2 0.369921875 0.4798611111111111 0.13515625 0.2125
0 0.354296875 0.4201388888888889 0.08046875 0.08472222222222223
0 0.15078125 0.40555555555555556 0.084375 0.07777777777777778
0 0.035546875 0.4826388888888889 0.07109375 0.12361111111111112
0 0.033984375000000004 0.4083333333333333 0.06796875000000001 0.11111111111111112
0 0.055468750000000004 0.5125000000000001 0.11093750000000001 0.14166666666666666
0 0.05390625 0.4305555555555556 0.1078125 0.1277777777777778
3 0.76484375 0.6284722222222222 0.4703125 0.7430555555555556
2 0.1640625 0.35555555555555557 0.0921875 0.09722222222222222
