1 0.59921875 0.31736111111111115 0.17343750000000002 0.4513888888888889
3 0.618359375 0.31319444444444444 0.11953125 0.1375
2 0.2 0.3840277777777778 0.10625000000000001 0.1125
0 0.34765625 0.4138888888888889 0.0671875 0.075
0 0.43828125 0.3729166666666667 0.0578125 0.05694444444444444
0 0.32460937500000003 0.35625 0.04609375 0.04861111111111111
0 0.32460937500000003 0.3201388888888889 0.04609375 0.04583333333333334
0 0.28359375000000003 0.3597222222222222 0.046875 0.05
0 0.2828125 0.3236111111111111 0.046875 0.04722222222222222
3 0.038671875 0.35833333333333334 0.07734375 0.2111111111111111
3 0.32265625000000003 0.29791666666666666 0.084375 0.1125
2 0.55390625 0.36319444444444443 0.0890625 0.09583333333333334
