1 0.571484375 0.6666666666666667 0.33046875000000003 0.5277777777777778
3 0.8207031250000001 0.25277777777777777 0.22265625 0.3194444444444445
2 0.23984375000000002 0.2326388888888889 0.09843750000000001 0.19305555555555556
0 0.3515625 0.39583333333333337 0.046875 0.1277777777777778
0 0.5171875 0.2638888888888889 0.05625 0.11388888888888889
0 0.42617187500000003 0.09236111111111112 0.04296875 0.09861111111111112
0 0.428515625 0.05763888888888889 0.04453125 0.10138888888888889
0 0.375 0.09027777777777778 0.0390625 0.09722222222222222
0 0.37578125 0.05555555555555556 0.040625 0.1
3 0.0703125 0.16111111111111112 0.140625 0.2972222222222222
3 0.48085937500000003 0.009722222222222222 0.13203125000000002 0.019444444444444445
2 0.65 0.36597222222222225 0.13593750000000002 0.2152777777777778
