1 0.573828125 0.6458333333333334 0.31171875000000004 0.513888888888889
3 0.7937500000000001 0.21875 0.20625000000000002 0.3013888888888889
2 0.234375 0.24375000000000002 0.1 0.19305555555555556
0 0.351171875 0.3979166666666667 0.049218750000000006 0.12916666666666668
0 0.5066406250000001 0.2520833333333333 0.057031250000000006 0.11527777777777778
0 0.4109375 0.08750000000000001 0.043750000000000004 0.1
0 0.41328125000000004 0.05416666666666667 0.045312500000000006 0.10277777777777779
0 0.3609375 0.08888888888888889 0.040625 0.1
0 0.3609375 0.05555555555555556 0.0421875 0.10277777777777779
3 0.066796875 0.1875 0.13359375 0.29444444444444445
3 0.45859375 0.004166666666666667 0.1265625 0.008333333333333333
2 0.63671875 0.3416666666666667 0.13125 0.20833333333333334
