1 0.35625 0.27083333333333337 0.1421875 0.25
3 0.040625 0.32083333333333336 0.08125 0.16111111111111112
2 0.389453125 0.47361111111111115 0.11640625 0.19722222222222224
0 0.35546875 0.41875 0.07500000000000001 0.08194444444444444
0 0.151171875 0.40972222222222227 0.08359375000000001 0.07777777777777778
0 0.044921875 0.48888888888888893 0.08984375 0.12222222222222223
0 0.043359375000000006 0.41597222222222224 0.08671875000000001 0.1125
0 0.068359375 0.5173611111111112 0.13671875 0.14027777777777778
0 0.0671875 0.4361111111111111 0.134375 0.1277777777777778
3 0.7777343750000001 0.58125 0.44453125000000004 0.6319444444444444
2 0.155078125 0.36041666666666666 0.08984375 0.09583333333333334
