1 0.25 0.13125 0.1953125 0.2625
2 0.483984375 0.6486111111111111 0.12734375 0.24444444444444446
0 0.36171875000000003 0.4326388888888889 0.0484375 0.12916666666666668
0 0.158203125 0.5465277777777778 0.07109375 0.14027777777777778
0 0.19921875 0.8944444444444445 0.07968750000000001 0.17500000000000002
0 0.19101562500000002 0.882638888888889 0.08515625 0.18472222222222223
0 0.2765625 0.9166666666666667 0.07187500000000001 0.16666666666666669
0 0.272265625 0.9090277777777778 0.07578125000000001 0.18194444444444446
3 0.759375 0.7666666666666667 0.28750000000000003 0.425
2 0.07578125000000001 0.3763888888888889 0.1 0.20555555555555557
