1 0.12578125 0.5861111111111111 0.24375000000000002 0.5527777777777778
2 0.472265625 0.23194444444444445 0.10703125000000001 0.18333333333333335
0 0.370703125 0.4048611111111111 0.06796875000000001 0.09861111111111112
0 0.49375 0.7069444444444445 0.0890625 0.11666666666666667
0 0.6484375 0.5361111111111111 0.09375 0.10555555555555556
0 0.661328125 0.5104166666666667 0.09921875000000001 0.10972222222222222
0 0.6328125 0.4361111111111111 0.08750000000000001 0.1
0 0.64453125 0.4076388888888889 0.0921875 0.10416666666666667
3 0.482421875 0.06319444444444444 0.12578125 0.12638888888888888
3 0.895703125 0.6451388888888889 0.20859375000000002 0.40972222222222227
2 0.40468750000000003 0.9145833333333334 0.15625 0.17083333333333334
