1 0.444140625 0.3354166666666667 0.32109375 0.5513888888888889
3 0.9 0.40208333333333335 0.2 0.2902777777777778
2 0.311328125 0.3590277777777778 0.05859375 0.09027777777777778
0 0.35664062500000004 0.4118055555555556 0.06171875 0.07361111111111111
0 0.552734375 0.4083333333333333 0.049218750000000006 0.07222222222222223
0 0.5027343750000001 0.36736111111111114 0.041406250000000006 0.05416666666666667
0 0.503515625 0.32916666666666666 0.041406250000000006 0.05
0 0.45742187500000003 0.3625 0.041406250000000006 0.05
0 0.45820312500000004 0.325 0.041406250000000006 0.04722222222222222
3 0.20429687500000002 0.3145833333333333 0.08984375 0.14305555555555557
3 0.5847656250000001 0.3111111111111111 0.11640625 0.13611111111111113
2 0.687109375 0.43333333333333335 0.14765625000000002 0.15
