1 0.61875 0.30972222222222223 0.215625 0.525
3 0.665625 0.3138888888888889 0.134375 0.1527777777777778
2 0.20273437500000002 0.37777777777777777 0.10703125000000001 0.11666666666666667
0 0.349609375 0.4138888888888889 0.06796875000000001 0.08055555555555556
0 0.459765625 0.3729166666666667 0.06015625 0.059722222222222225
0 0.34492187500000004 0.3527777777777778 0.04609375 0.05
0 0.34492187500000004 0.3159722222222222 0.04609375 0.04583333333333334
0 0.30078125 0.35625 0.045312500000000006 0.051388888888888894
0 0.30078125 0.31875000000000003 0.045312500000000006 0.04861111111111111
3 0.0390625 0.3479166666666667 0.078125 0.2125
3 0.351171875 0.29305555555555557 0.08984375 0.11666666666666667
2 0.585546875 0.3666666666666667 0.10078125 0.10555555555555556
