1 0.47968750000000004 0.1388888888888889 0.21250000000000002 0.2777777777777778
3 0.144921875 0.025 0.13203125000000002 0.05
2 0.269140625 0.7159722222222222 0.14765625000000002 0.2847222222222222
0 0.349609375 0.4305555555555556 0.08203125 0.13611111111111113
0 0.19765625 0.25277777777777777 0.0765625 0.11944444444444445
0 0.0546875 0.4625 0.0921875 0.1388888888888889
0 0.044921875 0.4326388888888889 0.08984375 0.14583333333333334
0 0.0625 0.5645833333333333 0.09843750000000001 0.1486111111111111
0 0.05 0.5381944444444444 0.1 0.15694444444444444
2 0.240234375 0.08541666666666667 0.10234375000000001 0.17083333333333334
