1 0.10625000000000001 0.30833333333333335 0.21250000000000002 0.47500000000000003
2 0.534765625 0.3902777777777778 0.10390625 0.17777777777777778
0 0.37109375 0.4201388888888889 0.0765625 0.13472222222222222
0 0.318359375 0.7729166666666667 0.09296875 0.1736111111111111
0 0.5390625 0.8645833333333334 0.1046875 0.18472222222222223
0 0.548828125 0.8520833333333334 0.11171875 0.19305555555555556
0 0.581640625 0.763888888888889 0.10234375000000001 0.17222222222222222
0 0.59296875 0.7458333333333333 0.1078125 0.18055555555555555
3 0.676953125 0.19305555555555556 0.19296875000000002 0.2611111111111111
2 0.137109375 0.8270833333333334 0.15703125 0.2263888888888889
