1 0.53359375 0.2743055555555556 0.1765625 0.3180555555555556
3 0.31289062500000003 0.29375 0.09453125000000001 0.12361111111111112
2 0.17929687500000002 0.44722222222222224 0.14765625000000002 0.18333333333333335
0 0.34687500000000004 0.41597222222222224 0.0734375 0.07361111111111111
0 0.26953125 0.36944444444444446 0.0578125 0.05277777777777778
0 0.105859375 0.3888888888888889 0.07734375 0.061111111111111116
0 0.10390625 0.3402777777777778 0.078125 0.058333333333333334
0 0.075390625 0.40555555555555556 0.08828125 0.06944444444444445
0 0.073046875 0.35208333333333336 0.08984375 0.06527777777777778
3 0.07382812500000001 0.6166666666666667 0.14765625000000002 0.7277777777777779
3 0.032421875 0.3236111111111111 0.06484375 0.17777777777777778
2 0.34687500000000004 0.3375 0.07968750000000001 0.08333333333333334
