1 0.551171875 0.17500000000000002 0.23515625 0.35000000000000003
3 0.259765625 0.0 0.12734375 0.0
2 0.20703125 0.6576388888888889 0.15156250000000002 0.27083333333333337
0 0.34609375000000003 0.42638888888888893 0.0765625 0.11388888888888889
0 0.24296875 0.18958333333333335 0.065625 0.09583333333333334
0 0.076171875 0.32083333333333336 0.08359375000000001 0.10555555555555556
0 0.06406250000000001 0.2868055555555556 0.08750000000000001 0.10972222222222222
0 0.062109375 0.41458333333333336 0.08984375 0.1125
0 0.0484375 0.3826388888888889 0.09531250000000001 0.11805555555555557
3 0.131640625 0.9715277777777778 0.26328125 0.05694444444444444
3 0.003125 0.18819444444444444 0.00625 0.3402777777777778
2 0.3171875 0.06597222222222222 0.096875 0.13194444444444445
