1 0.556640625 0.17847222222222223 0.23671875 0.35694444444444445
3 0.269140625 0.0 0.12734375 0.0
2 0.203515625 0.6513888888888889 0.15078125 0.26666666666666666
0 0.34609375000000003 0.42638888888888893 0.07500000000000001 0.11111111111111112
0 0.24726562500000002 0.18472222222222223 0.06484375 0.09444444444444444
0 0.07968750000000001 0.30972222222222223 0.08281250000000001 0.10277777777777779
0 0.06796875000000001 0.27569444444444446 0.08750000000000001 0.10694444444444445
0 0.064453125 0.40347222222222223 0.08984375 0.10972222222222222
0 0.051171875000000006 0.3715277777777778 0.09453125000000001 0.11527777777777778
3 0.12617187500000002 0.9659722222222222 0.25234375000000003 0.06805555555555556
3 0.00625 0.17222222222222222 0.0125 0.3388888888888889
2 0.32343750000000004 0.06458333333333334 0.096875 0.12916666666666668
