1 0.596875 0.31319444444444444 0.31875000000000003 0.6263888888888889
3 0.7890625 0.33263888888888893 0.171875 0.19305555555555556
2 0.23789062500000002 0.36597222222222225 0.08984375 0.10972222222222222
0 0.351171875 0.4118055555555556 0.05234375 0.07916666666666666
0 0.508984375 0.3819444444444445 0.05859375 0.0638888888888889
0 0.40937500000000004 0.3527777777777778 0.040625 0.05
0 0.40937500000000004 0.3145833333333333 0.040625 0.04861111111111111
0 0.362890625 0.3527777777777778 0.03671875 0.05
0 0.36328125 0.3145833333333333 0.037500000000000006 0.04861111111111111
3 0.0671875 0.32708333333333334 0.134375 0.18472222222222223
3 0.44257812500000004 0.29375 0.09921875000000001 0.12361111111111112
2 0.6515625 0.3861111111111111 0.1296875 0.1277777777777778
