1 0.616796875 0.3090277777777778 0.26953125 0.5875
3 0.72421875 0.3201388888888889 0.15000000000000002 0.17083333333333334
2 0.215234375 0.3715277777777778 0.10078125 0.11527777777777778
0 0.34921875 0.41250000000000003 0.0625 0.08055555555555556
0 0.48359375000000004 0.37569444444444444 0.060937500000000006 0.0625
0 0.37421875000000004 0.3513888888888889 0.043750000000000004 0.05
0 0.37421875000000004 0.3138888888888889 0.043750000000000004 0.04722222222222222
0 0.32851562500000003 0.35347222222222224 0.041406250000000006 0.051388888888888894
0 0.32851562500000003 0.3145833333333333 0.041406250000000006 0.04861111111111111
3 0.049609375000000004 0.33611111111111114 0.09921875000000001 0.2
3 0.39296875000000003 0.2923611111111111 0.09375 0.12083333333333333
2 0.619140625 0.3736111111111111 0.11484375000000001 0.11666666666666667
