1 0.118359375 0.28958333333333336 0.19921875 0.3597222222222222
2 0.547265625 0.3979166666666667 0.10390625 0.12638888888888888
0 0.370703125 0.4173611111111111 0.08046875 0.07916666666666666
0 0.28359375000000003 0.5145833333333334 0.1171875 0.1375
0 0.590234375 0.5618055555555556 0.14921875 0.16805555555555557
0 0.59375 0.46875 0.15156250000000002 0.1513888888888889
0 0.63984375 0.5236111111111111 0.134375 0.14166666666666666
0 0.6433593750000001 0.44097222222222227 0.13671875 0.12916666666666668
3 0.6707031250000001 0.33263888888888893 0.16640625 0.17916666666666667
3 0.8699218750000001 0.6458333333333334 0.26015625000000003 0.7083333333333334
2 0.072265625 0.5027777777777778 0.14453125 0.22222222222222224
