1 0.41171875 0.2729166666666667 0.15156250000000002 0.25972222222222224
3 0.126953125 0.3076388888888889 0.09765625 0.1375
2 0.30976562500000004 0.4756944444444445 0.15546875000000002 0.20416666666666666
0 0.35273437500000004 0.41944444444444445 0.08203125 0.08055555555555556
0 0.18359375 0.39375 0.0734375 0.06805555555555556
0 0.040625 0.4486111111111111 0.08125 0.09722222222222222
0 0.0390625 0.38680555555555557 0.078125 0.09027777777777778
0 0.048046875 0.4756944444444445 0.09609375 0.1125
0 0.046484375 0.40555555555555556 0.09296875 0.10277777777777779
3 0.59296875 0.6347222222222223 0.40937500000000004 0.725
2 0.215625 0.35000000000000003 0.0859375 0.08888888888888889
