1 0.32890625 0.27361111111111114 0.1390625 0.24166666666666667
3 0.016796875 0.33333333333333337 0.03359375 0.17500000000000002
2 0.4390625 0.4673611111111111 0.1171875 0.18194444444444446
0 0.35703125 0.4201388888888889 0.0671875 0.07916666666666666
0 0.14453125 0.42083333333333334 0.084375 0.08055555555555556
0 0.059765625 0.5097222222222222 0.11953125 0.13055555555555556
0 0.05859375 0.43333333333333335 0.1171875 0.11944444444444445
0 0.1171875 0.5340277777777778 0.134375 0.14583333333333334
0 0.113671875 0.4513888888888889 0.13671875 0.13333333333333333
3 0.805859375 0.5256944444444445 0.38828125 0.5125000000000001
2 0.12812500000000002 0.36944444444444446 0.0890625 0.1
