1 0.174609375 0.7229166666666667 0.33671875 0.5541666666666667
2 0.41835937500000003 0.17291666666666666 0.10234375000000001 0.19583333333333333
0 0.36757812500000003 0.3979166666666667 0.08203125 0.13472222222222222
0 0.5640625 0.6097222222222223 0.1015625 0.15833333333333333
0 0.6472656250000001 0.3590277777777778 0.09296875 0.13194444444444445
0 0.659375 0.32708333333333334 0.096875 0.1375
0 0.609375 0.27847222222222223 0.0859375 0.12361111111111112
0 0.619140625 0.24444444444444446 0.08984375 0.1277777777777778
3 0.365234375 0.035416666666666666 0.09453125000000001 0.07083333333333333
3 0.886328125 0.3138888888888889 0.22734375 0.34444444444444444
2 0.5625 0.882638888888889 0.16562500000000002 0.23472222222222222
