1 0.632421875 0.5486111111111112 0.29765625 0.5833333333333334
3 0.726171875 0.08958333333333333 0.18046875 0.17916666666666667
2 0.189453125 0.29444444444444445 0.12421875 0.2138888888888889
0 0.347265625 0.40069444444444446 0.06953125 0.1486111111111111
0 0.46875 0.1875 0.0671875 0.125
0 0.340625 0.061111111111111116 0.0546875 0.11111111111111112
0 0.33984375 0.04097222222222222 0.05625 0.08194444444444444
0 0.28984375 0.08194444444444444 0.05625 0.11388888888888889
0 0.28750000000000003 0.052083333333333336 0.0578125 0.10416666666666667
3 0.035546875 0.32222222222222224 0.07109375 0.3027777777777778
2 0.60703125 0.2215277777777778 0.125 0.2013888888888889
