1 0.14765625000000002 0.2902777777777778 0.1875 0.3277777777777778
2 0.54453125 0.4083333333333333 0.11093750000000001 0.13333333333333333
0 0.36953125000000003 0.4173611111111111 0.07500000000000001 0.07916666666666666
0 0.24296875 0.5034722222222222 0.1015625 0.12638888888888888
0 0.5140625 0.5701388888888889 0.1453125 0.17083333333333334
0 0.5164062500000001 0.47847222222222224 0.146875 0.15416666666666667
0 0.5859375 0.5381944444444444 0.1375 0.1486111111111111
0 0.589453125 0.4548611111111111 0.13984375000000002 0.13472222222222222
3 0.703125 0.34305555555555556 0.18125000000000002 0.18888888888888888
3 0.762890625 0.6583333333333333 0.47421875 0.6833333333333333
2 0.06171875 0.47708333333333336 0.1234375 0.19583333333333333
