1 0.30234375 0.2715277777777778 0.14375000000000002 0.25416666666666665
3 0.0 0.3451388888888889 0.0 0.20416666666666666
2 0.479296875 0.46458333333333335 0.14296875 0.1902777777777778
0 0.358984375 0.41944444444444445 0.06171875 0.08055555555555556
0 0.1296875 0.43333333333333335 0.0890625 0.08888888888888889
0 0.071484375 0.5381944444444444 0.14140625 0.1513888888888889
0 0.06992187500000001 0.45208333333333334 0.13984375000000002 0.1375
0 0.15976562500000002 0.5590277777777778 0.13671875 0.16527777777777777
0 0.156640625 0.4673611111111111 0.13828125 0.1486111111111111
3 0.8363281250000001 0.49097222222222225 0.32734375000000004 0.4652777777777778
2 0.0921875 0.3784722222222222 0.0921875 0.1125
