1 0.29726562500000003 0.7680555555555556 0.32109375 0.4527777777777778
3 0.874609375 0.8562500000000001 0.25078125 0.28750000000000003
2 0.36054687500000004 0.17222222222222222 0.08203125 0.17500000000000002
0 0.36250000000000004 0.39583333333333337 0.07500000000000001 0.1388888888888889
0 0.565625 0.48680555555555555 0.08281250000000001 0.1486111111111111
0 0.584375 0.24444444444444446 0.07187500000000001 0.12222222222222223
0 0.5925781250000001 0.21180555555555555 0.07421875 0.12638888888888888
0 0.540234375 0.19166666666666668 0.06796875000000001 0.11666666666666667
0 0.546875 0.15763888888888888 0.0703125 0.12083333333333333
3 0.26875 0.051388888888888894 0.09062500000000001 0.10277777777777779
3 0.753125 0.13472222222222222 0.184375 0.26944444444444443
2 0.623046875 0.7430555555555556 0.11640625 0.25833333333333336
