1 0.35000000000000003 0.10069444444444445 0.1921875 0.2013888888888889
3 0.018359375 0.12847222222222224 0.03671875 0.2569444444444445
2 0.39375000000000004 0.7375 0.10312500000000001 0.25277777777777777
0 0.35585937500000003 0.43472222222222223 0.07578125000000001 0.1527777777777778
0 0.144921875 0.3965277777777778 0.08828125 0.1486111111111111
0 0.0734375 0.7291666666666667 0.1125 0.18888888888888888
0 0.058984375000000006 0.7090277777777778 0.11796875000000001 0.19861111111111113
0 0.125 0.8180555555555555 0.1125 0.2
0 0.11210937500000001 0.8013888888888889 0.11953125 0.2111111111111111
3 0.6703125000000001 0.9361111111111111 0.328125 0.1277777777777778
2 0.12460937500000001 0.19722222222222224 0.10546875 0.17777777777777778
