1 0.07890625000000001 0.3055555555555556 0.15781250000000002 0.513888888888889
3 0.419921875 0.6423611111111112 0.83984375 0.7152777777777778
2 0.49375 0.3701388888888889 0.1046875 0.10694444444444445
0 0.37031250000000004 0.4138888888888889 0.07187500000000001 0.07222222222222223
0 0.48984375 0.5090277777777777 0.1125 0.12083333333333333
0 0.710546875 0.4701388888888889 0.12421875 0.09861111111111112
0 0.71484375 0.4 0.1265625 0.09444444444444444
0 0.6828125 0.44027777777777777 0.10625000000000001 0.08611111111111111
0 0.68671875 0.37777777777777777 0.1078125 0.08055555555555556
3 0.5109375 0.30972222222222223 0.109375 0.14722222222222223
3 0.9921875 0.47708333333333336 0.015625 0.45416666666666666
2 0.312109375 0.5826388888888889 0.22265625 0.31527777777777777
