1 0.248828125 0.27708333333333335 0.15859375 0.27083333333333337
2 0.524609375 0.4479166666666667 0.15234375 0.1763888888888889
0 0.36484375 0.41875 0.0484375 0.0763888888888889
0 0.13671875 0.4569444444444445 0.08125 0.09722222222222222
0 0.18671875000000002 0.5708333333333333 0.109375 0.1638888888888889
0 0.183984375 0.4777777777777778 0.11171875 0.15
0 0.3046875 0.5750000000000001 0.0890625 0.16666666666666669
0 0.303515625 0.4798611111111111 0.08984375 0.1513888888888889
3 0.84921875 0.4201388888888889 0.290625 0.32916666666666666
3 0.0027343750000000003 0.6465277777777778 0.0054687500000000005 0.7069444444444445
2 0.051953125 0.40347222222222223 0.09296875 0.13472222222222222
