1 0.11796875000000001 0.31666666666666665 0.22187500000000002 0.5972222222222222
3 0.866796875 0.638888888888889 0.26640625 0.7222222222222222
2 0.45703125 0.36319444444444443 0.09843750000000001 0.10416666666666667
0 0.37148437500000003 0.4131944444444445 0.07578125000000001 0.07361111111111111
0 0.553125 0.48888888888888893 0.12187500000000001 0.11111111111111112
0 0.690625 0.43472222222222223 0.10625000000000001 0.08333333333333334
0 0.6937500000000001 0.37430555555555556 0.1078125 0.07916666666666666
0 0.65 0.4118055555555556 0.0921875 0.07361111111111111
0 0.65234375 0.35833333333333334 0.09375 0.06944444444444445
3 0.44179687500000003 0.3041666666666667 0.08984375 0.1388888888888889
3 0.937109375 0.3979166666666667 0.12578125 0.30972222222222223
2 0.48046875 0.58125 0.2421875 0.3263888888888889
