1 0.6546875000000001 0.39861111111111114 0.225 0.5777777777777778
3 0.60546875 0.017361111111111112 0.1640625 0.034722222222222224
2 0.15390625000000002 0.38680555555555557 0.140625 0.2125
0 0.34375 0.4076388888888889 0.084375 0.15416666666666667
0 0.4078125 0.1423611111111111 0.07187500000000001 0.12361111111111112
0 0.25234375000000003 0.07777777777777778 0.06875 0.11666666666666667
0 0.2484375 0.05 0.07187500000000001 0.1
0 0.205078125 0.12152777777777778 0.07265625 0.12083333333333333
0 0.19921875 0.08402777777777778 0.07500000000000001 0.12638888888888888
3 0.012890625000000001 0.5604166666666667 0.025781250000000002 0.33194444444444443
3 0.21054687500000002 0.0 0.12890625 0.0
2 0.540234375 0.11388888888888889 0.10390625 0.17500000000000002
