1 0.36757812500000003 0.33263888888888893 0.34765625 0.6013888888888889
3 0.9261718750000001 0.4416666666666667 0.14765625000000002 0.36944444444444446
2 0.33359375 0.35694444444444445 0.065625 0.09166666666666667
0 0.359375 0.4118055555555556 0.0703125 0.0763888888888889
0 0.571875 0.41944444444444445 0.06406250000000001 0.08055555555555556
0 0.538671875 0.3729166666666667 0.049218750000000006 0.05694444444444444
0 0.5398437500000001 0.33125 0.05 0.05416666666666667
0 0.4921875 0.36597222222222225 0.0484375 0.05416666666666667
0 0.49335937500000004 0.3263888888888889 0.049218750000000006 0.05
3 0.2421875 0.30972222222222223 0.078125 0.1388888888888889
3 0.644140625 0.3145833333333333 0.13046875 0.1486111111111111
2 0.7058593750000001 0.45555555555555555 0.16015625 0.17777777777777778
