1 0.291015625 0.33055555555555555 0.36015625 0.6611111111111111
3 0.9519531250000001 0.5013888888888889 0.09609375 0.49444444444444446
2 0.358203125 0.3548611111111111 0.07421875 0.09583333333333334
0 0.362109375 0.4118055555555556 0.07734375 0.07916666666666666
0 0.58828125 0.43125 0.07968750000000001 0.09027777777777778
0 0.576171875 0.37986111111111115 0.06015625 0.0625
0 0.577734375 0.3354166666666667 0.06015625 0.059722222222222225
0 0.528515625 0.37083333333333335 0.057031250000000006 0.058333333333333334
0 0.5296875 0.3284722222222222 0.0578125 0.05416666666666667
3 0.28164062500000003 0.3041666666666667 0.06796875000000001 0.13611111111111113
3 0.71015625 0.32083333333333336 0.15000000000000002 0.16666666666666669
2 0.7152343750000001 0.4840277777777778 0.16796875 0.2152777777777778
