1 0.39179687500000004 0.10625 0.20546875 0.2125
3 0.038671875 0.08333333333333334 0.07734375 0.16666666666666669
2 0.35390625000000003 0.7569444444444444 0.12812500000000002 0.2833333333333333
0 0.353515625 0.43472222222222223 0.08359375000000001 0.15555555555555556
0 0.14960937500000002 0.3451388888888889 0.08984375 0.14583333333333334
0 0.051171875000000006 0.6541666666666667 0.10234375000000001 0.18333333333333335
0 0.044921875 0.6298611111111111 0.08984375 0.19305555555555556
0 0.083203125 0.7569444444444444 0.11796875000000001 0.19722222222222224
0 0.068359375 0.7368055555555556 0.12578125 0.20694444444444446
3 0.6003906250000001 0.9965277777777778 0.30703125000000003 0.006944444444444445
2 0.15195312500000002 0.14583333333333334 0.11015625000000001 0.18611111111111112
