1 0.57578125 0.6729166666666667 0.3328125 0.5236111111111111
3 0.8226562500000001 0.2423611111111111 0.225 0.32083333333333336
2 0.23671875 0.22916666666666669 0.1 0.19722222222222224
0 0.3515625 0.39583333333333337 0.0484375 0.13055555555555556
0 0.5171875 0.2569444444444445 0.0578125 0.11666666666666667
0 0.42421875000000003 0.08125 0.043750000000000004 0.10138888888888889
0 0.4265625 0.04861111111111111 0.045312500000000006 0.09722222222222222
0 0.37226562500000004 0.07986111111111112 0.039843750000000004 0.10138888888888889
0 0.373046875 0.04791666666666667 0.041406250000000006 0.09583333333333334
3 0.06796875000000001 0.1590277777777778 0.13593750000000002 0.3041666666666667
3 0.479296875 0.0020833333333333333 0.13359375 0.004166666666666667
2 0.6515625 0.3597222222222222 0.1375 0.21666666666666667
