1 0.57578125 0.19861111111111113 0.22812500000000002 0.39722222222222225
3 0.325 0.0 0.1234375 0.0
2 0.191796875 0.6034722222222223 0.13671875 0.23750000000000002
0 0.34453125 0.4222222222222222 0.0703125 0.1
0 0.27382812500000003 0.1736111111111111 0.06328125 0.08611111111111111
0 0.11015625000000001 0.26180555555555557 0.07968750000000001 0.09027777777777778
0 0.10039062500000001 0.22777777777777777 0.08359375000000001 0.09444444444444444
0 0.08828125 0.3451388888888889 0.0859375 0.09583333333333334
0 0.07695312500000001 0.3125 0.08984375 0.1
3 0.099609375 0.9145833333333334 0.19921875 0.17083333333333334
3 0.030468750000000003 0.12986111111111112 0.060937500000000006 0.25972222222222224
2 0.3609375 0.06527777777777778 0.0921875 0.13055555555555556
