1 0.437109375 0.12638888888888888 0.19921875 0.25277777777777777
3 0.09062500000000001 0.050694444444444445 0.1296875 0.10138888888888889
2 0.308203125 0.725 0.13359375 0.27222222222222225
0 0.351171875 0.4340277777777778 0.08046875 0.14027777777777778
0 0.18125000000000002 0.29791666666666666 0.07968750000000001 0.12638888888888888
0 0.06015625 0.5416666666666667 0.09843750000000001 0.1527777777777778
0 0.049218750000000006 0.5152777777777778 0.09843750000000001 0.15833333333333333
0 0.08085937500000001 0.6409722222222223 0.10234375000000001 0.1625
0 0.067578125 0.6180555555555556 0.10859375 0.16944444444444445
2 0.20468750000000002 0.11805555555555557 0.1015625 0.17777777777777778
