1 0.1640625 0.19375 0.22187500000000002 0.3875
3 0.0 0.8111111111111111 0.0 0.33611111111111114
2 0.528515625 0.5236111111111111 0.12890625 0.225
0 0.36757812500000003 0.4277777777777778 0.06328125 0.13611111111111113
0 0.219140625 0.6833333333333333 0.07109375 0.1638888888888889
0 0.374609375 0.9243055555555556 0.08359375000000001 0.1513888888888889
0 0.37539062500000003 0.9173611111111112 0.08828125 0.16527777777777777
0 0.44843750000000004 0.9 0.08750000000000001 0.18888888888888888
0 0.453125 0.8881944444444445 0.0921875 0.19861111111111113
3 0.751953125 0.43819444444444444 0.21328125 0.2902777777777778
2 0.072265625 0.5965277777777778 0.14140625 0.23750000000000002
