1 0.09296875 0.3 0.1859375 0.4
3 0.0421875 0.6479166666666667 0.084375 0.7041666666666667
2 0.5242187500000001 0.3819444444444445 0.10312500000000001 0.10833333333333334
0 0.37031250000000004 0.4152777777777778 0.078125 0.075
0 0.38046875 0.5159722222222223 0.11875000000000001 0.12916666666666668
0 0.66796875 0.513888888888889 0.1203125 0.1277777777777778
0 0.6722656250000001 0.4354166666666667 0.12265625000000001 0.11805555555555557
0 0.6742187500000001 0.4791666666666667 0.10625000000000001 0.10833333333333334
0 0.677734375 0.40902777777777777 0.10703125000000001 0.10138888888888889
3 0.5875 0.32083333333333336 0.1328125 0.15833333333333333
3 0.9625 0.6173611111111111 0.07500000000000001 0.6875
2 0.1328125 0.5368055555555555 0.21250000000000002 0.23750000000000002
