1 0.19765625 0.3388888888888889 0.29375 0.5916666666666667
3 0.92109375 0.6416666666666667 0.15781250000000002 0.7166666666666667
2 0.40664062500000003 0.36041666666666666 0.08359375000000001 0.09583333333333334
0 0.366796875 0.4118055555555556 0.07578125000000001 0.07361111111111111
0 0.57265625 0.45763888888888893 0.09843750000000001 0.09583333333333334
0 0.624609375 0.4041666666666667 0.07734375 0.06944444444444445
0 0.626953125 0.3548611111111111 0.07734375 0.06527777777777778
0 0.58203125 0.38958333333333334 0.0703125 0.0625
0 0.583203125 0.34444444444444444 0.07109375 0.058333333333333334
3 0.35976562500000003 0.30625 0.06953125 0.12916666666666668
3 0.8210937500000001 0.35000000000000003 0.18125000000000002 0.20277777777777778
2 0.603515625 0.5270833333333333 0.16796875 0.2513888888888889
