1 0.09257812500000001 0.4291666666666667 0.18515625000000002 0.49444444444444446
2 0.5171875 0.3076388888888889 0.1078125 0.15972222222222224
0 0.37109375 0.4131944444444445 0.0734375 0.11805555555555557
0 0.40273437500000003 0.7736111111111111 0.08984375 0.14722222222222223
0 0.61328125 0.7291666666666667 0.09375 0.14444444444444446
0 0.6253906250000001 0.7104166666666667 0.09921875000000001 0.1513888888888889
0 0.6273437500000001 0.6173611111111111 0.0890625 0.13472222222222222
0 0.6394531250000001 0.5951388888888889 0.09296875 0.14027777777777778
3 0.5953125 0.1076388888888889 0.1640625 0.2152777777777778
3 0.85859375 0.9159722222222223 0.2828125 0.16805555555555557
2 0.24140625000000002 0.9145833333333334 0.13125 0.17083333333333334
