1 0.27890625 0.7597222222222223 0.31562500000000004 0.4638888888888889
3 0.8679687500000001 0.8847222222222223 0.26406250000000003 0.23055555555555557
2 0.37031250000000004 0.17430555555555557 0.084375 0.1763888888888889
0 0.36328125 0.39583333333333337 0.07500000000000001 0.13611111111111113
0 0.5625 0.5048611111111111 0.084375 0.1486111111111111
0 0.59140625 0.26319444444444445 0.0734375 0.12361111111111112
0 0.6000000000000001 0.23125 0.0765625 0.12638888888888888
0 0.548828125 0.20625000000000002 0.06953125 0.11805555555555557
0 0.555859375 0.1736111111111111 0.07265625 0.11944444444444445
3 0.2859375 0.04791666666666667 0.08281250000000001 0.09583333333333334
3 0.7679687500000001 0.15625 0.1859375 0.2847222222222222
2 0.6097656250000001 0.7659722222222223 0.12265625000000001 0.2625
