1 0.634375 0.45416666666666666 0.23750000000000002 0.5611111111111111
3 0.641796875 0.04166666666666667 0.16328125000000002 0.08333333333333334
2 0.17265625 0.3513888888888889 0.1296875 0.20833333333333334
0 0.34453125 0.4048611111111111 0.0765625 0.1486111111111111
0 0.42890625000000004 0.16597222222222222 0.06875 0.12083333333333333
0 0.287890625 0.07916666666666666 0.06171875 0.11111111111111112
0 0.28515625 0.050694444444444445 0.06406250000000001 0.10138888888888889
0 0.240625 0.11319444444444444 0.06406250000000001 0.11527777777777778
0 0.236328125 0.07777777777777778 0.06640625 0.11944444444444445
3 0.025390625 0.45763888888888893 0.05078125 0.27083333333333337
3 0.26328125 0.0 0.1171875 0.0
2 0.56015625 0.15972222222222224 0.1078125 0.18055555555555555
