1 0.55625 0.3236111111111111 0.340625 0.6166666666666667
3 0.84296875 0.35208333333333336 0.19843750000000002 0.22083333333333335
2 0.26406250000000003 0.3625 0.0765625 0.10277777777777779
0 0.3515625 0.4118055555555556 0.0484375 0.0763888888888889
0 0.529296875 0.38958333333333334 0.05390625 0.06527777777777778
0 0.44375000000000003 0.35694444444444445 0.035937500000000004 0.05
0 0.444140625 0.3180555555555556 0.03515625 0.04722222222222222
0 0.39687500000000003 0.3548611111111111 0.0328125 0.04861111111111111
0 0.397265625 0.31736111111111115 0.032031250000000004 0.04583333333333334
3 0.11171875 0.32083333333333336 0.1265625 0.16666666666666669
3 0.491796875 0.29791666666666666 0.10390625 0.12638888888888888
2 0.6734375 0.4013888888888889 0.140625 0.13611111111111113
