1 0.5859375 0.2791666666666667 0.1796875 0.3527777777777778
3 0.404296875 0.29375 0.09765625 0.12361111111111112
2 0.146484375 0.4236111111111111 0.13359375 0.1527777777777778
0 0.343359375 0.41597222222222224 0.08046875 0.07916666666666666
0 0.32070312500000003 0.36597222222222225 0.06015625 0.05416666666666667
0 0.16796875 0.3715277777777778 0.06875 0.05694444444444444
0 0.16640625 0.3277777777777778 0.06875 0.05277777777777778
0 0.13046875 0.3840277777777778 0.0765625 0.0625
0 0.12890625 0.3368055555555556 0.0765625 0.059722222222222225
3 0.000390625 0.49722222222222223 0.00078125 0.5
3 0.095703125 0.30694444444444446 0.12265625000000001 0.14722222222222223
2 0.4140625 0.33819444444444446 0.07500000000000001 0.08194444444444444
