1 0.34023437500000003 0.7569444444444444 0.29140625000000003 0.3861111111111111
3 0.8703125 0.7930555555555556 0.259375 0.41111111111111115
2 0.34218750000000003 0.18055555555555555 0.0734375 0.1638888888888889
0 0.36054687500000004 0.39583333333333337 0.06953125 0.13611111111111113
0 0.55703125 0.4479166666666667 0.0734375 0.14027777777777778
0 0.5574218750000001 0.21805555555555556 0.06328125 0.11666666666666667
0 0.5640625 0.18611111111111112 0.065625 0.11944444444444445
0 0.51328125 0.17291666666666666 0.060937500000000006 0.1125
0 0.5183593750000001 0.14097222222222222 0.06328125 0.11527777777777778
3 0.23945312500000002 0.06458333333333334 0.10078125 0.12916666666666668
3 0.703125 0.11111111111111112 0.16875 0.22222222222222224
2 0.630859375 0.6743055555555556 0.10859375 0.2263888888888889
