1 0.39453125 0.1125 0.19375 0.225
3 0.0484375 0.08541666666666667 0.096875 0.17083333333333334
2 0.35000000000000003 0.7305555555555556 0.11875000000000001 0.2611111111111111
0 0.35390625000000003 0.4326388888888889 0.078125 0.14583333333333334
0 0.16484375 0.34305555555555556 0.08281250000000001 0.13611111111111113
0 0.0671875 0.6270833333333333 0.1046875 0.16805555555555557
0 0.054296875 0.6041666666666667 0.10859375 0.17500000000000002
0 0.102734375 0.7222222222222222 0.10703125000000001 0.18055555555555555
0 0.08945312500000001 0.7020833333333334 0.11328125 0.1875
3 0.56015625 0.9715277777777778 0.25625000000000003 0.05694444444444444
2 0.16757812500000002 0.15486111111111112 0.10234375000000001 0.1763888888888889
