1 0.4859375 0.7208333333333333 0.29531250000000003 0.4027777777777778
3 0.8597656250000001 0.45416666666666666 0.25859375 0.35555555555555557
2 0.28515625 0.20416666666666666 0.0734375 0.16944444444444445
0 0.355078125 0.39583333333333337 0.05390625 0.1277777777777778
0 0.53671875 0.33611111111111114 0.05 0.12222222222222223
0 0.48281250000000003 0.13541666666666669 0.043750000000000004 0.10416666666666667
0 0.48671875000000003 0.10347222222222223 0.045312500000000006 0.10694444444444445
0 0.434375 0.11597222222222223 0.043750000000000004 0.10138888888888889
0 0.437109375 0.08402777777777778 0.04453125 0.10416666666666667
3 0.133203125 0.10972222222222222 0.14453125 0.21944444444444444
3 0.573828125 0.044444444444444446 0.14453125 0.08888888888888889
2 0.649609375 0.4902777777777778 0.12890625 0.20555555555555557
