1 0.6570312500000001 0.32916666666666666 0.21406250000000002 0.5361111111111111
3 0.5378906250000001 0.004166666666666667 0.15078125 0.008333333333333333
2 0.15234375 0.43819444444444444 0.1375 0.19583333333333333
0 0.343359375 0.4118055555555556 0.08515625 0.14583333333333334
0 0.375 0.13958333333333334 0.0703125 0.11805555555555557
0 0.213671875 0.10833333333333334 0.07265625 0.11388888888888889
0 0.20859375000000002 0.07152777777777779 0.0765625 0.11805555555555557
0 0.17148437500000002 0.1625 0.07734375 0.11944444444444445
0 0.1640625 0.12569444444444444 0.08125 0.12361111111111112
3 0.016796875 0.6923611111111111 0.03359375 0.38472222222222224
3 0.14960937500000002 0.010416666666666668 0.14296875 0.020833333333333336
2 0.498046875 0.08402777777777778 0.08984375 0.15694444444444444
