1 0.6042968750000001 0.2652777777777778 0.19765625 0.4527777777777778
3 0.447265625 0.008333333333333333 0.12578125 0.016666666666666666
2 0.1765625 0.4986111111111111 0.1125 0.17222222222222222
0 0.34453125 0.41597222222222224 0.07500000000000001 0.12083333333333333
0 0.334765625 0.16458333333333333 0.06328125 0.09861111111111112
0 0.181640625 0.17777777777777778 0.07109375 0.1
0 0.17539062500000002 0.14583333333333334 0.07421875 0.10277777777777779
0 0.148828125 0.24027777777777778 0.07578125000000001 0.10555555555555556
0 0.141015625 0.20833333333333334 0.07890625000000001 0.10833333333333334
3 0.055468750000000004 0.8055555555555556 0.11093750000000001 0.3888888888888889
3 0.090234375 0.06041666666666667 0.15390625000000002 0.12083333333333333
2 0.4390625 0.08472222222222223 0.08125 0.13333333333333333
