1 0.60078125 0.28750000000000003 0.16875 0.3611111111111111
3 0.451171875 0.2972222222222222 0.09921875000000001 0.12222222222222223
2 0.152734375 0.41111111111111115 0.13046875 0.13333333333333333
0 0.34296875000000004 0.4152777777777778 0.08125 0.07777777777777778
0 0.34804687500000003 0.36597222222222225 0.06015625 0.05416666666666667
0 0.20546875 0.36597222222222225 0.0625 0.05416666666666667
0 0.20429687500000002 0.32569444444444445 0.06328125 0.051388888888888894
0 0.166796875 0.3763888888888889 0.06796875000000001 0.058333333333333334
0 0.16562500000000002 0.33263888888888893 0.06875 0.05416666666666667
3 0.0 0.4451388888888889 0.0 0.38472222222222224
3 0.154296875 0.3041666666666667 0.10390625 0.13333333333333333
2 0.44648437500000004 0.3423611111111111 0.07109375 0.07916666666666666
