1 0.565625 0.27222222222222225 0.1859375 0.34444444444444444
3 0.357421875 0.29097222222222224 0.09765625 0.12361111111111112
2 0.15156250000000002 0.4375 0.1421875 0.17500000000000002
0 0.343359375 0.4166666666666667 0.07890625000000001 0.07777777777777778
0 0.29296875 0.36597222222222225 0.060937500000000006 0.05416666666666667
0 0.1296875 0.3784722222222222 0.07500000000000001 0.059722222222222225
0 0.12812500000000002 0.33125 0.0765625 0.05694444444444444
0 0.09335937500000001 0.39305555555555555 0.08515625 0.06666666666666667
0 0.09140625000000001 0.3416666666666667 0.0859375 0.0638888888888889
3 0.022265625 0.5736111111111112 0.04453125 0.6638888888888889
3 0.05234375 0.3125 0.1046875 0.1638888888888889
2 0.38007812500000004 0.33611111111111114 0.07890625000000001 0.08333333333333334
