1 0.43867187500000004 0.2777777777777778 0.15234375 0.2611111111111111
3 0.17734375000000002 0.30486111111111114 0.0921875 0.12916666666666668
2 0.275390625 0.46944444444444444 0.15703125 0.19444444444444445
0 0.351171875 0.41875 0.07890625000000001 0.0763888888888889
0 0.20703125 0.3875 0.065625 0.061111111111111116
0 0.053515625000000004 0.4305555555555556 0.08359375000000001 0.08333333333333334
0 0.05078125 0.375 0.084375 0.07777777777777778
0 0.051171875000000006 0.45416666666666666 0.09296875 0.09444444444444444
0 0.048046875 0.3923611111111111 0.09453125000000001 0.08750000000000001
3 0.345703125 0.6319444444444444 0.33828125000000003 0.7027777777777778
2 0.24921875000000002 0.3472222222222222 0.08281250000000001 0.08611111111111111
