1 0.6082031250000001 0.3076388888888889 0.13515625 0.4013888888888889
3 0.544140625 0.3055555555555556 0.10703125000000001 0.125
2 0.1796875 0.3944444444444445 0.115625 0.11944444444444445
0 0.345703125 0.41458333333333336 0.07421875 0.0763888888888889
0 0.40078125000000003 0.36944444444444446 0.0578125 0.05277777777777778
0 0.276953125 0.3590277777777778 0.05234375 0.04861111111111111
0 0.276171875 0.3229166666666667 0.05234375 0.04583333333333334
0 0.237109375 0.3652777777777778 0.05390625 0.05277777777777778
0 0.236328125 0.3277777777777778 0.05390625 0.05
3 0.021484375 0.38333333333333336 0.04296875 0.25
3 0.25546875 0.29930555555555555 0.084375 0.11527777777777778
2 0.5066406250000001 0.35347222222222224 0.07421875 0.08750000000000001
