1 0.098046875 0.4965277777777778 0.19609375 0.5430555555555556
2 0.5046875000000001 0.2701388888888889 0.1125 0.1763888888888889
0 0.37031250000000004 0.40972222222222227 0.07187500000000001 0.10833333333333334
0 0.44375000000000003 0.7666666666666667 0.08750000000000001 0.13333333333333333
0 0.64453125 0.6597222222222222 0.09375 0.125
0 0.6585937500000001 0.6375000000000001 0.1 0.13055555555555556
0 0.6449218750000001 0.5465277777777778 0.08828125 0.11805555555555557
0 0.658203125 0.5208333333333334 0.09453125000000001 0.12222222222222223
3 0.555078125 0.08402777777777778 0.15234375 0.16805555555555557
3 0.8875000000000001 0.8361111111111111 0.225 0.3277777777777778
2 0.30234375 0.9291666666666667 0.146875 0.14166666666666666
