1 0.115234375 0.2569444444444445 0.23046875 0.46944444444444444
3 0.020703125000000003 0.9993055555555556 0.041406250000000006 0.001388888888888889
2 0.5390625 0.4340277777777778 0.115625 0.19861111111111113
0 0.369921875 0.42291666666666666 0.07421875 0.14027777777777778
0 0.280078125 0.7555555555555555 0.08984375 0.17777777777777778
0 0.490234375 0.9076388888888889 0.10390625 0.18472222222222223
0 0.49765625 0.8993055555555556 0.109375 0.2013888888888889
0 0.54609375 0.8250000000000001 0.10312500000000001 0.18611111111111112
0 0.5554687500000001 0.8097222222222222 0.109375 0.19444444444444445
3 0.7109375 0.26319444444444445 0.20625000000000002 0.24583333333333335
2 0.10234375000000001 0.7569444444444444 0.15937500000000002 0.24166666666666667
