1 0.50234375 0.2743055555555556 0.1703125 0.2986111111111111
3 0.26640625 0.2965277777777778 0.09375 0.12361111111111112
2 0.203125 0.45833333333333337 0.1609375 0.19444444444444445
0 0.34882812500000004 0.4173611111111111 0.07734375 0.0763888888888889
0 0.246484375 0.37430555555555556 0.057031250000000006 0.05694444444444444
0 0.079296875 0.40069444444444446 0.08046875 0.06805555555555556
0 0.07695312500000001 0.3493055555555556 0.08203125 0.06527777777777778
0 0.055468750000000004 0.42083333333333334 0.0921875 0.07777777777777778
0 0.05234375 0.36319444444444443 0.09375 0.07361111111111111
3 0.128515625 0.6291666666666667 0.25703125 0.7416666666666667
3 0.009375000000000001 0.3368055555555556 0.018750000000000003 0.19583333333333333
2 0.31289062500000003 0.33958333333333335 0.08046875 0.08472222222222223
