1 0.319921875 0.10277777777777779 0.17734375000000002 0.20555555555555557
3 0.01171875 0.19166666666666668 0.0234375 0.3111111111111111
2 0.425390625 0.701388888888889 0.09609375 0.21944444444444444
0 0.35781250000000003 0.43333333333333335 0.065625 0.14166666666666666
0 0.152734375 0.44097222222222227 0.08046875 0.14305555555555557
0 0.11796875000000001 0.7722222222222223 0.1 0.18055555555555555
0 0.105859375 0.7541666666666667 0.10546875 0.18888888888888888
0 0.17695312500000002 0.8402777777777778 0.09765625 0.18888888888888888
0 0.16757812500000002 0.826388888888889 0.10390625 0.19722222222222224
3 0.690625 0.875 0.3015625 0.25
3 0.0 0.9076388888888889 0.0 0.18472222222222223
2 0.113671875 0.25277777777777777 0.09453125000000001 0.16666666666666669
