1 0.099609375 0.3666666666666667 0.19921875 0.4666666666666667
2 0.527734375 0.34861111111111115 0.10078125 0.15555555555555556
0 0.37109375 0.4166666666666667 0.07500000000000001 0.125
0 0.36015625 0.7736111111111111 0.0921875 0.16111111111111112
0 0.57734375 0.795138888888889 0.1 0.1625
0 0.58828125 0.7798611111111111 0.1046875 0.17083333333333334
0 0.60546875 0.6888888888888889 0.09531250000000001 0.1527777777777778
0 0.616796875 0.6687500000000001 0.10078125 0.15972222222222224
3 0.634375 0.13472222222222222 0.1765625 0.26666666666666666
3 0.8234375 1.0 0.353125 0.0
2 0.1859375 0.8805555555555555 0.1421875 0.2
