1 0.47734375 0.13333333333333333 0.22031250000000002 0.26666666666666666
3 0.12617187500000002 0.024305555555555556 0.13828125 0.04861111111111111
2 0.271484375 0.7368055555555556 0.15390625000000002 0.3013888888888889
0 0.349609375 0.43194444444444446 0.08671875000000001 0.14444444444444446
0 0.18671875000000002 0.2548611111111111 0.08125 0.12638888888888888
0 0.04453125 0.48055555555555557 0.0890625 0.15
0 0.03828125 0.45 0.0765625 0.15555555555555556
0 0.05078125 0.5875 0.1015625 0.16111111111111112
0 0.04453125 0.5604166666666667 0.0890625 0.16805555555555557
2 0.22812500000000002 0.08472222222222223 0.10625000000000001 0.16944444444444445
