1 0.5378906250000001 0.69375 0.31484375000000003 0.4708333333333333
3 0.837890625 0.32916666666666666 0.23671875 0.33333333333333337
2 0.25820312500000003 0.21805555555555556 0.08828125 0.18333333333333335
0 0.35234375 0.39513888888888893 0.045312500000000006 0.12361111111111112
0 0.5261718750000001 0.2902777777777778 0.05078125 0.11388888888888889
0 0.44960937500000003 0.10486111111111111 0.03828125 0.09861111111111112
0 0.452734375 0.07152777777777779 0.039843750000000004 0.10138888888888889
0 0.39921875 0.09583333333333334 0.035937500000000004 0.09722222222222222
0 0.400390625 0.0625 0.03671875 0.1
3 0.08359375000000001 0.13472222222222222 0.16718750000000002 0.26944444444444443
3 0.519140625 0.02013888888888889 0.13671875 0.04027777777777778
2 0.6511718750000001 0.41458333333333336 0.13359375 0.2125
