1 0.212890625 0.14791666666666667 0.21640625000000002 0.29583333333333334
2 0.511328125 0.6201388888888889 0.13984375000000002 0.2569444444444445
0 0.365234375 0.43194444444444446 0.049218750000000006 0.13333333333333333
0 0.16367187500000002 0.6041666666666667 0.06484375 0.15
0 0.2484375 0.9319444444444445 0.065625 0.13611111111111113
0 0.2421875 0.925 0.0703125 0.15
0 0.334765625 0.9340277777777778 0.06328125 0.13194444444444445
0 0.33359375 0.9270833333333334 0.0671875 0.14583333333333334
3 0.786328125 0.6611111111111111 0.27734375 0.4
2 0.057421875000000004 0.4486111111111111 0.11484375000000001 0.22777777777777777
