1 0.28828125 0.11805555555555557 0.1765625 0.23611111111111113
3 0.0027343750000000003 0.28958333333333336 0.0054687500000000005 0.3236111111111111
2 0.453125 0.6715277777777778 0.109375 0.2263888888888889
0 0.359375 0.43333333333333335 0.05625 0.13333333333333333
0 0.158203125 0.4902777777777778 0.07421875 0.1388888888888889
0 0.160546875 0.8236111111111112 0.08828125 0.17500000000000002
0 0.150390625 0.8090277777777778 0.09453125000000001 0.18194444444444446
0 0.22773437500000002 0.8722222222222222 0.08359375000000001 0.18055555555555555
0 0.220703125 0.8597222222222223 0.08828125 0.18888888888888888
3 0.718359375 0.8229166666666667 0.28671875 0.3541666666666667
3 0.025781250000000002 0.9729166666666667 0.051562500000000004 0.05416666666666667
2 0.098046875 0.31319444444444444 0.08671875000000001 0.18194444444444446
