1 0.234765625 0.7506944444444444 0.33515625000000004 0.4986111111111111
3 0.8675781250000001 0.9583333333333334 0.26484375 0.08333333333333334
2 0.388671875 0.17083333333333334 0.09140625000000001 0.18611111111111112
0 0.36445312500000004 0.39722222222222225 0.07890625000000001 0.1388888888888889
0 0.568359375 0.5458333333333334 0.09296875 0.15555555555555556
0 0.61640625 0.2965277777777778 0.08125 0.12916666666666668
0 0.626953125 0.2638888888888889 0.08515625 0.13333333333333333
0 0.5750000000000001 0.22986111111111113 0.0765625 0.12083333333333333
0 0.5828125000000001 0.19583333333333333 0.07968750000000001 0.125
3 0.31171875000000004 0.03819444444444445 0.08125 0.0763888888888889
3 0.81796875 0.2076388888888889 0.20468750000000002 0.29583333333333334
2 0.599609375 0.8361111111111111 0.14296875 0.29444444444444445
