1 0.162890625 0.7118055555555556 0.32578125 0.576388888888889
2 0.428515625 0.1798611111111111 0.10390625 0.19583333333333333
0 0.36835937500000004 0.39861111111111114 0.08046875 0.13055555555555556
0 0.5554687500000001 0.6291666666666667 0.1015625 0.1527777777777778
0 0.6515625 0.38680555555555557 0.09375 0.12916666666666668
0 0.6644531250000001 0.35625 0.09921875000000001 0.13472222222222222
0 0.616796875 0.30208333333333337 0.08671875000000001 0.12083333333333333
0 0.6273437500000001 0.26875 0.0921875 0.12638888888888888
3 0.386328125 0.0375 0.09921875000000001 0.075
3 0.8929687500000001 0.36319444444444443 0.21406250000000002 0.35694444444444445
2 0.538671875 0.8923611111111112 0.16796875 0.2152777777777778
