1 0.41171875 0.7659722222222223 0.3015625 0.33194444444444443
3 0.878515625 0.6451388888888889 0.24296875 0.40694444444444444
2 0.31484375000000003 0.1798611111111111 0.065625 0.15694444444444444
0 0.35781250000000003 0.3944444444444445 0.065625 0.1388888888888889
0 0.55703125 0.39722222222222225 0.065625 0.1388888888888889
0 0.53125 0.1701388888888889 0.05625 0.11527777777777778
0 0.537109375 0.1375 0.05859375 0.11666666666666667
0 0.48359375000000004 0.13611111111111113 0.0546875 0.11111111111111112
0 0.48750000000000004 0.10277777777777779 0.05625 0.11388888888888889
3 0.18828125 0.07777777777777778 0.1234375 0.15555555555555556
3 0.65625 0.075 0.1640625 0.15
2 0.655859375 0.5993055555555555 0.12734375 0.20416666666666666
