1 0.36015625 0.7715277777777778 0.30312500000000003 0.3819444444444445
3 0.8792968750000001 0.7534722222222222 0.24140625000000002 0.4236111111111111
2 0.33242187500000003 0.1763888888888889 0.07265625 0.1638888888888889
0 0.35976562500000003 0.39583333333333337 0.06953125 0.1388888888888889
0 0.562109375 0.43194444444444446 0.07265625 0.14444444444444446
0 0.553125 0.19791666666666669 0.0625 0.11805555555555557
0 0.559765625 0.16527777777777777 0.06484375 0.12222222222222223
0 0.505859375 0.15694444444444444 0.06015625 0.11388888888888889
0 0.511328125 0.12361111111111112 0.06171875 0.11666666666666667
3 0.21992187500000002 0.06666666666666667 0.11015625000000001 0.13333333333333333
3 0.6941406250000001 0.09722222222222222 0.17109375000000002 0.19444444444444445
2 0.6484375 0.65625 0.1203125 0.2263888888888889
