1 0.185546875 0.17083333333333334 0.22109375 0.3416666666666667
2 0.52265625 0.5701388888888889 0.13593750000000002 0.24305555555555555
0 0.36640625000000004 0.4291666666666667 0.0578125 0.13611111111111113
0 0.190234375 0.6479166666666667 0.06171875 0.15972222222222224
0 0.31367187500000004 0.9319444444444445 0.07265625 0.13611111111111113
0 0.311328125 0.925 0.07734375 0.15
0 0.39609375 0.9208333333333334 0.0765625 0.15833333333333333
0 0.3984375 0.9131944444444445 0.08125 0.1736111111111111
3 0.769140625 0.5395833333333333 0.23828125 0.3402777777777778
2 0.062890625 0.5243055555555556 0.12578125 0.23472222222222222
