1 0.4703125 0.27569444444444446 0.1609375 0.2791666666666667
3 0.22226562500000002 0.3 0.09296875 0.125
2 0.237109375 0.46458333333333335 0.16328125000000002 0.19583333333333333
0 0.350390625 0.41805555555555557 0.07890625000000001 0.07777777777777778
0 0.22617187500000002 0.3805555555555556 0.06171875 0.058333333333333334
0 0.062890625 0.4152777777777778 0.08046875 0.075
0 0.06015625 0.36180555555555555 0.08125 0.07083333333333333
0 0.048046875 0.4361111111111111 0.09140625000000001 0.08611111111111111
0 0.045703125000000004 0.37777777777777777 0.09140625000000001 0.08055555555555556
3 0.186328125 0.6354166666666667 0.37265625 0.7291666666666667
2 0.280859375 0.34305555555555556 0.08203125 0.08333333333333334
