1 0.5144531250000001 0.15347222222222223 0.22734375 0.30694444444444446
3 0.194140625 0.009027777777777779 0.13203125000000002 0.018055555555555557
2 0.236328125 0.7006944444444445 0.15546875000000002 0.28750000000000003
0 0.347265625 0.42986111111111114 0.08203125 0.12916666666666668
0 0.21445312500000002 0.21944444444444444 0.07265625 0.11111111111111112
0 0.057031250000000006 0.39583333333333337 0.0859375 0.125
0 0.044140625 0.36319444444444443 0.08828125 0.13194444444444445
0 0.053515625000000004 0.49722222222222223 0.09140625000000001 0.13611111111111113
0 0.043750000000000004 0.46805555555555556 0.08750000000000001 0.14166666666666666
2 0.27265625 0.07430555555555556 0.1015625 0.1486111111111111
