1 0.10312500000000001 0.2951388888888889 0.19687500000000002 0.3763888888888889
3 0.0 0.6444444444444445 0.0 0.7111111111111111
2 0.53671875 0.3902777777777778 0.1015625 0.11666666666666667
0 0.369921875 0.4166666666666667 0.07890625000000001 0.07777777777777778
0 0.33046875000000003 0.5159722222222223 0.1203125 0.13472222222222222
0 0.630859375 0.5368055555555555 0.13203125000000002 0.14583333333333334
0 0.634375 0.4527777777777778 0.134375 0.13333333333333333
0 0.657421875 0.5 0.11640625 0.125
0 0.6609375000000001 0.425 0.11875000000000001 0.11388888888888889
3 0.626953125 0.32708333333333334 0.14765625000000002 0.16805555555555557
3 0.9246093750000001 0.6423611111111112 0.15078125 0.7152777777777778
2 0.09335937500000001 0.51875 0.18671875000000002 0.22916666666666669
