1 0.6175781250000001 0.32083333333333336 0.18203125 0.4666666666666667
3 0.50546875 0.016666666666666666 0.134375 0.03333333333333333
2 0.173828125 0.45069444444444445 0.11953125 0.17083333333333334
0 0.34492187500000004 0.4131944444444445 0.07578125000000001 0.12916666666666668
0 0.36445312500000004 0.1625 0.06484375 0.10555555555555556
0 0.215234375 0.14375000000000002 0.06796875000000001 0.10416666666666667
0 0.21015625000000002 0.11041666666666668 0.0703125 0.10694444444444445
0 0.177734375 0.19722222222222224 0.07109375 0.10833333333333334
0 0.17148437500000002 0.16458333333333333 0.07421875 0.1125
3 0.0390625 0.6951388888888889 0.078125 0.35694444444444445
3 0.14765625000000002 0.03333333333333333 0.13593750000000002 0.06666666666666667
2 0.47578125000000004 0.10486111111111111 0.07968750000000001 0.1375
