1 0.22226562500000002 0.28055555555555556 0.16640625 0.28055555555555556
2 0.5375 0.43819444444444444 0.146875 0.16527777777777777
0 0.366015625 0.41805555555555557 0.057031250000000006 0.07777777777777778
0 0.151171875 0.46944444444444444 0.07109375 0.10555555555555556
0 0.27187500000000003 0.58125 0.09062500000000001 0.1736111111111111
0 0.2703125 0.4861111111111111 0.0921875 0.15833333333333333
0 0.390625 0.5750000000000001 0.10625000000000001 0.16944444444444445
0 0.39140625 0.48125 0.1078125 0.15416666666666667
3 0.8210937500000001 0.3944444444444445 0.2515625 0.28055555555555556
3 0.136328125 0.6527777777777778 0.27265625 0.6944444444444444
2 0.046875 0.41944444444444445 0.09375 0.14722222222222223
