1 0.435546875 0.11805555555555557 0.21328125 0.23611111111111113
3 0.0671875 0.04722222222222222 0.134375 0.09444444444444444
2 0.311328125 0.7548611111111111 0.14453125 0.2986111111111111
0 0.3515625 0.43333333333333335 0.0859375 0.1527777777777778
0 0.16523437500000002 0.2972222222222222 0.08671875000000001 0.13611111111111113
0 0.045312500000000006 0.5673611111111111 0.09062500000000001 0.16805555555555557
0 0.038671875 0.5395833333333333 0.07734375 0.1763888888888889
0 0.059765625 0.6756944444444445 0.11484375000000001 0.18194444444444446
0 0.05234375 0.6520833333333333 0.1046875 0.1902777777777778
2 0.187890625 0.10625 0.10859375 0.1875
