1 0.59921875 0.22777777777777777 0.215625 0.45555555555555555
3 0.401953125 0.0 0.12421875 0.0
2 0.17929687500000002 0.5402777777777777 0.11640625 0.2
0 0.34375 0.41875 0.07500000000000001 0.11527777777777778
0 0.310546875 0.16180555555555556 0.06484375 0.09583333333333334
0 0.150390625 0.20347222222222222 0.07578125000000001 0.09861111111111112
0 0.142578125 0.16944444444444445 0.07890625000000001 0.10277777777777779
0 0.12109375 0.2743055555555556 0.08125 0.10416666666666667
0 0.11171875 0.24166666666666667 0.084375 0.10833333333333334
3 0.067578125 0.85 0.13515625 0.3
3 0.06171875 0.08194444444444444 0.1234375 0.1638888888888889
2 0.4109375 0.06805555555555556 0.0859375 0.13611111111111113
