1 0.593359375 0.22222222222222224 0.21640625000000002 0.4444444444444445
3 0.38789062500000004 0.0 0.12265625000000001 0.0
2 0.18359375 0.55 0.11875000000000001 0.20555555555555557
0 0.34453125 0.41944444444444445 0.0734375 0.11111111111111112
0 0.3046875 0.16597222222222222 0.06406250000000001 0.09305555555555556
0 0.144921875 0.2152777777777778 0.07578125000000001 0.09722222222222222
0 0.137109375 0.18194444444444446 0.07890625000000001 0.1
0 0.1171875 0.2881944444444445 0.08125 0.10138888888888889
0 0.10820312500000001 0.2555555555555556 0.08515625 0.10555555555555556
3 0.07421875 0.8590277777777778 0.1484375 0.28194444444444444
3 0.057031250000000006 0.09097222222222223 0.11406250000000001 0.18194444444444446
2 0.40156250000000004 0.06875 0.0859375 0.1375
