1 0.6136718750000001 0.2972222222222222 0.15078125 0.38333333333333336
3 0.501171875 0.30069444444444443 0.10390625 0.12361111111111112
2 0.16523437500000002 0.40208333333333335 0.12421875 0.12638888888888888
0 0.3453125 0.4152777777777778 0.078125 0.07777777777777778
0 0.37734375000000003 0.36736111111111114 0.059375000000000004 0.05416666666666667
0 0.244140625 0.36180555555555555 0.057031250000000006 0.051388888888888894
0 0.24335937500000002 0.3229166666666667 0.057031250000000006 0.04861111111111111
0 0.205078125 0.36944444444444446 0.06015625 0.05555555555555556
0 0.20390625 0.32916666666666666 0.060937500000000006 0.05277777777777778
3 0.008984375000000001 0.4076388888888889 0.017968750000000002 0.3041666666666667
3 0.21015625000000002 0.30069444444444443 0.09062500000000001 0.12361111111111112
2 0.480078125 0.3472222222222222 0.06953125 0.08333333333333334
