1 0.5171875 0.15763888888888888 0.2234375 0.31527777777777777
3 0.207421875 0.009027777777777779 0.12890625 0.018055555555555557
2 0.23554687500000002 0.6868055555555556 0.15078125 0.2763888888888889
0 0.34804687500000003 0.42847222222222225 0.07890625000000001 0.12361111111111112
0 0.22187500000000002 0.21736111111111112 0.0703125 0.10694444444444445
0 0.066796875 0.38333333333333336 0.08203125 0.11944444444444445
0 0.05390625 0.3513888888888889 0.0859375 0.125
0 0.0625 0.48194444444444445 0.08750000000000001 0.1277777777777778
0 0.0484375 0.4527777777777778 0.0921875 0.13333333333333333
3 0.187890625 0.9930555555555556 0.29140625000000003 0.01388888888888889
3 0.0 0.28750000000000003 0.0 0.35000000000000003
2 0.28125 0.07430555555555556 0.09843750000000001 0.1486111111111111
