1 0.14179687500000002 0.6541666666666667 0.28359375000000003 0.5777777777777778
2 0.451171875 0.20347222222222222 0.10703125000000001 0.1902777777777778
0 0.36953125000000003 0.40208333333333335 0.07500000000000001 0.11527777777777778
0 0.526953125 0.6729166666666667 0.09765625 0.1375
0 0.654296875 0.46111111111111114 0.09609375 0.11944444444444445
0 0.667578125 0.43194444444444446 0.10078125 0.125
0 0.628125 0.36736111111111114 0.0890625 0.1125
0 0.6394531250000001 0.3368055555555556 0.09296875 0.11805555555555557
3 0.435546875 0.04861111111111111 0.11171875 0.09722222222222222
3 0.9031250000000001 0.4986111111111111 0.19375 0.3861111111111111
2 0.47304687500000003 0.9076388888888889 0.16484375 0.18472222222222223
