1 0.148828125 0.6805555555555556 0.29765625 0.5944444444444444
2 0.444140625 0.19305555555555556 0.10703125000000001 0.19444444444444445
0 0.36953125000000003 0.4 0.078125 0.12222222222222223
0 0.540625 0.6604166666666667 0.1015625 0.14583333333333334
0 0.6585937500000001 0.4340277777777778 0.096875 0.12638888888888888
0 0.671484375 0.4041666666666667 0.10234375000000001 0.13055555555555556
0 0.628125 0.3423611111111111 0.0890625 0.11805555555555557
0 0.6394531250000001 0.30972222222222223 0.09453125000000001 0.12222222222222223
3 0.41914062500000004 0.043055555555555555 0.10703125000000001 0.08611111111111111
3 0.903515625 0.4486111111111111 0.19296875000000002 0.3805555555555556
2 0.5 0.9055555555555556 0.1703125 0.18888888888888888
