1 0.083203125 0.3013888888888889 0.16640625 0.45833333333333337
3 0.20625000000000002 0.6444444444444445 0.41250000000000003 0.7111111111111111
2 0.512109375 0.37569444444444444 0.10546875 0.10972222222222222
0 0.370703125 0.41458333333333336 0.07734375 0.0763888888888889
0 0.434375 0.5159722222222223 0.11406250000000001 0.12916666666666668
0 0.702734375 0.49375 0.12734375 0.11527777777777778
0 0.70703125 0.4173611111111111 0.1296875 0.10694444444444445
0 0.6890625 0.45972222222222225 0.109375 0.09722222222222222
0 0.692578125 0.39305555555555555 0.11171875 0.09166666666666667
3 0.551171875 0.3138888888888889 0.12109375 0.1527777777777778
3 0.9968750000000001 0.545138888888889 0.00625 0.5736111111111112
2 0.20429687500000002 0.5645833333333333 0.21171875 0.2847222222222222
