1 0.110546875 0.5652777777777778 0.22109375 0.5861111111111111
2 0.4890625 0.23611111111111113 0.115625 0.18888888888888888
0 0.37109375 0.40625 0.06875 0.09583333333333334
0 0.48554687500000004 0.7472222222222222 0.09296875 0.11388888888888889
0 0.6648437500000001 0.5861111111111111 0.1015625 0.10555555555555556
0 0.6796875 0.5597222222222222 0.1078125 0.11111111111111112
0 0.6527343750000001 0.47500000000000003 0.09453125000000001 0.1
0 0.666015625 0.4465277777777778 0.09921875000000001 0.10416666666666667
3 0.512890625 0.0638888888888889 0.13984375000000002 0.1277777777777778
3 0.907421875 0.7486111111111111 0.18515625000000002 0.45833333333333337
2 0.370703125 0.9361111111111111 0.16640625 0.1277777777777778
