1 0.58046875 0.20277777777777778 0.22812500000000002 0.40555555555555556
3 0.335546875 0.0 0.12421875 0.0
2 0.18906250000000002 0.5958333333333333 0.134375 0.23333333333333334
0 0.34414062500000003 0.4222222222222222 0.07109375 0.10277777777777779
0 0.278515625 0.1701388888888889 0.06484375 0.08750000000000001
0 0.11484375000000001 0.2513888888888889 0.07968750000000001 0.09166666666666667
0 0.10507812500000001 0.21736111111111112 0.08359375000000001 0.09583333333333334
0 0.09140625000000001 0.3340277777777778 0.0859375 0.09861111111111112
0 0.08046875 0.30208333333333337 0.09062500000000001 0.10138888888888889
3 0.094140625 0.9069444444444444 0.18828125 0.18611111111111112
3 0.034375 0.12152777777777778 0.06875 0.24305555555555555
2 0.36835937500000004 0.06458333333333334 0.09140625000000001 0.12916666666666668
