1 0.21640625000000002 0.7409722222222223 0.32343750000000004 0.5180555555555556
3 0.857421875 0.9847222222222223 0.28515625 0.030555555555555558
2 0.39921875 0.17430555555555557 0.09375 0.1875
0 0.366015625 0.39722222222222225 0.07890625000000001 0.13611111111111113
0 0.5625 0.5652777777777778 0.09375 0.1527777777777778
0 0.623046875 0.3194444444444445 0.08359375000000001 0.1277777777777778
0 0.6335937500000001 0.2881944444444445 0.08750000000000001 0.13194444444444445
0 0.58359375 0.24861111111111112 0.078125 0.11944444444444445
0 0.5925781250000001 0.21597222222222223 0.08203125 0.12361111111111112
3 0.33203125 0.03819444444444445 0.084375 0.0763888888888889
3 0.833203125 0.24722222222222223 0.20546875 0.3055555555555556
2 0.5808593750000001 0.8548611111111112 0.14765625000000002 0.2902777777777778
