1 0.61484375 0.6194444444444445 0.33125000000000004 0.5750000000000001
3 0.7828125 0.14097222222222222 0.2015625 0.28194444444444444
2 0.209765625 0.2555555555555556 0.11484375000000001 0.2111111111111111
0 0.34882812500000004 0.39722222222222225 0.06015625 0.14444444444444446
0 0.49726562500000004 0.21666666666666667 0.06484375 0.125
0 0.38398437500000004 0.0625 0.049218750000000006 0.10833333333333334
0 0.38515625000000003 0.04097222222222222 0.051562500000000004 0.08194444444444444
0 0.33125000000000004 0.07152777777777779 0.0484375 0.10972222222222222
0 0.33046875000000003 0.04583333333333334 0.05 0.09166666666666667
3 0.048828125 0.22847222222222224 0.09765625 0.3125
3 0.41718750000000004 0.0 0.1265625 0.0
2 0.637890625 0.28541666666666665 0.13515625 0.2152777777777778
