1 0.634765625 0.5291666666666667 0.28671875 0.5833333333333334
3 0.7093750000000001 0.07847222222222222 0.178125 0.15694444444444444
2 0.18476562500000002 0.3055555555555556 0.12578125 0.2138888888888889
0 0.346484375 0.4013888888888889 0.07109375 0.15
0 0.4609375 0.18194444444444446 0.06875 0.125
0 0.3296875 0.06458333333333334 0.05625 0.1125
0 0.32851562500000003 0.043055555555555555 0.05859375 0.08611111111111111
0 0.27968750000000003 0.08750000000000001 0.0578125 0.11388888888888889
0 0.2765625 0.05486111111111111 0.059375000000000004 0.10972222222222222
3 0.032421875 0.3479166666666667 0.06484375 0.2986111111111111
3 0.3296875 0.0 0.11875000000000001 0.0
2 0.5984375000000001 0.20833333333333334 0.12187500000000001 0.19722222222222224
