1 0.17578125 0.29097222222222224 0.1765625 0.3013888888888889
2 0.541015625 0.4166666666666667 0.12109375 0.1388888888888889
0 0.36875 0.41805555555555557 0.06875 0.07777777777777778
0 0.212890625 0.4902777777777778 0.08359375000000001 0.11666666666666667
0 0.43671875000000004 0.5722222222222223 0.1296875 0.16666666666666669
0 0.4375 0.4826388888888889 0.13125 0.1513888888888889
0 0.525390625 0.5479166666666667 0.13046875 0.1513888888888889
0 0.527734375 0.46458333333333335 0.13203125000000002 0.1375
3 0.7312500000000001 0.3576388888888889 0.19375 0.20416666666666666
3 0.6109375 0.6638888888888889 0.7781250000000001 0.6722222222222223
2 0.057031250000000006 0.45416666666666666 0.11406250000000001 0.17222222222222222
