1 0.274609375 0.27083333333333337 0.15234375 0.26666666666666666
2 0.5085937500000001 0.45833333333333337 0.15625 0.18888888888888888
0 0.36015625 0.41944444444444445 0.053125000000000006 0.08055555555555556
0 0.12382812500000001 0.4444444444444445 0.08984375 0.09444444444444444
0 0.111328125 0.5618055555555556 0.13828125 0.16527777777777777
0 0.107421875 0.46805555555555556 0.14140625 0.15
0 0.21992187500000002 0.5756944444444445 0.12265625000000001 0.1736111111111111
0 0.217578125 0.47847222222222224 0.12421875 0.15694444444444444
3 0.852734375 0.4548611111111111 0.29453125 0.40694444444444444
2 0.062109375 0.3902777777777778 0.09296875 0.125
