1 0.6234375000000001 0.3826388888888889 0.18906250000000002 0.5152777777777778
3 0.571484375 0.025694444444444447 0.14765625000000002 0.051388888888888894
2 0.16953125000000002 0.4013888888888889 0.1265625 0.19166666666666668
0 0.34414062500000003 0.40902777777777777 0.07734375 0.14027777777777778
0 0.39570312500000004 0.16111111111111112 0.06640625 0.11388888888888889
0 0.248828125 0.10833333333333334 0.06484375 0.10833333333333334
0 0.24531250000000002 0.07361111111111111 0.0671875 0.11111111111111112
0 0.20625000000000002 0.15208333333333335 0.06875 0.1125
0 0.201171875 0.11805555555555557 0.07109375 0.11666666666666667
3 0.026562500000000003 0.5777777777777778 0.053125000000000006 0.3138888888888889
3 0.205078125 0.005555555555555556 0.12109375 0.011111111111111112
2 0.5164062500000001 0.12638888888888888 0.0921875 0.15833333333333333
