1 0.60859375 0.3090277777777778 0.15937500000000002 0.4569444444444445
3 0.6015625 0.30833333333333335 0.11875000000000001 0.13611111111111113
2 0.18828125 0.3861111111111111 0.1125 0.11666666666666667
0 0.346484375 0.4138888888888889 0.07265625 0.07777777777777778
0 0.429296875 0.37083333333333335 0.05859375 0.05555555555555556
0 0.30976562500000004 0.35555555555555557 0.049218750000000006 0.05
0 0.30976562500000004 0.31875000000000003 0.049218750000000006 0.04583333333333334
0 0.26796875000000003 0.36041666666666666 0.05 0.051388888888888894
0 0.2671875 0.3229166666666667 0.05 0.04861111111111111
3 0.028515625000000003 0.3625 0.057031250000000006 0.225
3 0.30195312500000004 0.29583333333333334 0.08515625 0.11388888888888889
2 0.54453125 0.3590277777777778 0.0859375 0.09583333333333334
