1 0.630078125 0.2701388888888889 0.21796875000000002 0.4847222222222222
2 0.15937500000000002 0.48888888888888893 0.1265625 0.17500000000000002
0 0.34218750000000003 0.4152777777777778 0.08125 0.13333333333333333
0 0.341796875 0.14722222222222223 0.06796875000000001 0.10833333333333334
0 0.18046875 0.15069444444444444 0.07500000000000001 0.10694444444444445
0 0.17343750000000002 0.11527777777777778 0.078125 0.11111111111111112
0 0.143359375 0.2138888888888889 0.08046875 0.11388888888888889
0 0.134765625 0.17916666666666667 0.08359375000000001 0.11666666666666667
3 0.037890625000000004 0.8 0.07578125000000001 0.4
3 0.091796875 0.04166666666666667 0.15859375 0.08333333333333334
2 0.45546875000000003 0.06875 0.0859375 0.1375
