1 0.6082031250000001 0.5930555555555556 0.30546875 0.5555555555555556
3 0.755078125 0.12916666666666668 0.18671875000000002 0.25833333333333336
2 0.208984375 0.2701388888888889 0.11328125 0.20416666666666666
0 0.3484375 0.3993055555555556 0.060937500000000006 0.14027777777777778
0 0.48554687500000004 0.21458333333333335 0.06328125 0.12083333333333333
0 0.37226562500000004 0.07222222222222223 0.049218750000000006 0.10555555555555556
0 0.37265625 0.04583333333333334 0.051562500000000004 0.09166666666666667
0 0.32109375 0.08472222222222223 0.0484375 0.10833333333333334
0 0.3203125 0.052083333333333336 0.05 0.10416666666666667
3 0.049218750000000006 0.25833333333333336 0.09843750000000001 0.3
3 0.397265625 0.0 0.12109375 0.0
2 0.6214843750000001 0.2729166666666667 0.12734375 0.20416666666666666
