1 0.19921875 0.2868055555555556 0.1703125 0.28750000000000003
2 0.5398437500000001 0.4277777777777778 0.1328125 0.15
0 0.36757812500000003 0.41875 0.06328125 0.0763888888888889
0 0.18320312500000002 0.4798611111111111 0.06640625 0.10972222222222222
0 0.35781250000000003 0.5777777777777778 0.1125 0.16944444444444445
0 0.35781250000000003 0.4861111111111111 0.11406250000000001 0.15555555555555556
0 0.462890625 0.5611111111111111 0.12109375 0.15833333333333333
0 0.464453125 0.47361111111111115 0.12421875 0.14444444444444446
3 0.77109375 0.37430555555555556 0.2171875 0.23472222222222222
3 0.28359375000000003 0.6611111111111111 0.5671875000000001 0.6777777777777778
2 0.051562500000000004 0.4361111111111111 0.10312500000000001 0.15833333333333333
