1 0.1390625 0.21875 0.2265625 0.4375
3 0.004687500000000001 0.9118055555555555 0.009375000000000001 0.1763888888888889
2 0.5339843750000001 0.4777777777777778 0.12265625000000001 0.2111111111111111
0 0.36875 0.425 0.06875 0.1388888888888889
0 0.2484375 0.7201388888888889 0.08125 0.17083333333333334
0 0.43359375 0.9166666666666667 0.09375 0.16666666666666669
0 0.4375 0.9090277777777778 0.1 0.18194444444444446
0 0.49843750000000003 0.8631944444444445 0.096875 0.1875
0 0.505859375 0.85 0.10234375000000001 0.19722222222222224
3 0.7308593750000001 0.3458333333333333 0.20859375000000002 0.25
2 0.0859375 0.675 0.15000000000000002 0.2388888888888889
