1 0.53125 0.7145833333333333 0.321875 0.4652777777777778
3 0.85859375 0.3611111111111111 0.2515625 0.35000000000000003
2 0.263671875 0.20833333333333334 0.08671875000000001 0.18333333333333335
0 0.35273437500000004 0.39513888888888893 0.049218750000000006 0.12916666666666668
0 0.534375 0.3 0.05 0.11944444444444445
0 0.4609375 0.10486111111111111 0.0390625 0.10138888888888889
0 0.464453125 0.07083333333333333 0.039843750000000004 0.10555555555555556
0 0.41015625 0.09305555555555556 0.0390625 0.1
0 0.41171875 0.05902777777777778 0.040625 0.10416666666666667
3 0.09062500000000001 0.125 0.16718750000000002 0.25
3 0.538671875 0.022222222222222223 0.14296875 0.044444444444444446
2 0.659375 0.4361111111111111 0.1375 0.21666666666666667
