1 0.43593750000000003 0.7597222222222223 0.30000000000000004 0.35000000000000003
3 0.8777343750000001 0.5965277777777778 0.24453125 0.39861111111111114
2 0.30781250000000004 0.18472222222222223 0.065625 0.16111111111111112
0 0.357421875 0.39513888888888893 0.06328125 0.1375
0 0.554296875 0.38125000000000003 0.06171875 0.13472222222222222
0 0.520703125 0.16041666666666668 0.05390625 0.1125
0 0.5261718750000001 0.12708333333333333 0.055468750000000004 0.11527777777777778
0 0.472265625 0.12986111111111112 0.05234375 0.10972222222222222
0 0.47578125000000004 0.09652777777777778 0.0546875 0.1125
3 0.173828125 0.08541666666666667 0.12890625 0.17083333333333334
3 0.6371093750000001 0.06597222222222222 0.16015625 0.13194444444444445
2 0.6585937500000001 0.5729166666666667 0.1296875 0.20694444444444446
