1 0.38359375 0.26805555555555555 0.15000000000000002 0.2611111111111111
3 0.07187500000000001 0.31180555555555556 0.10312500000000001 0.1513888888888889
2 0.349609375 0.4798611111111111 0.14453125 0.2125
0 0.35390625000000003 0.41944444444444445 0.08125 0.08333333333333334
0 0.16015625 0.4013888888888889 0.08125 0.075
0 0.035546875 0.4715277777777778 0.07109375 0.11527777777777778
0 0.033984375000000004 0.40069444444444446 0.06796875000000001 0.10416666666666667
0 0.05078125 0.5006944444444444 0.1015625 0.13194444444444445
0 0.049218750000000006 0.4215277777777778 0.09843750000000001 0.12083333333333333
3 0.743359375 0.6298611111111111 0.51328125 0.7402777777777778
2 0.1796875 0.35347222222222224 0.09062500000000001 0.09583333333333334
