1 0.12734375 0.6208333333333333 0.2546875 0.5972222222222222
2 0.46914062500000003 0.2138888888888889 0.11171875 0.19166666666666668
0 0.37109375 0.40347222222222223 0.0734375 0.10972222222222222
0 0.5144531250000001 0.7104166666666667 0.09921875000000001 0.13194444444444445
0 0.665625 0.5125000000000001 0.1 0.11666666666666667
0 0.6796875 0.4847222222222222 0.10625000000000001 0.12222222222222223
0 0.644140625 0.4104166666666667 0.09296875 0.10972222222222222
0 0.6566406250000001 0.37986111111111115 0.09765625 0.11527777777777778
3 0.46914062500000003 0.05277777777777778 0.12421875 0.10555555555555556
3 0.9105468750000001 0.5993055555555555 0.17890625000000002 0.4236111111111111
2 0.43476562500000004 0.925 0.16953125000000002 0.15
