1 0.640625 0.4743055555555556 0.25625000000000003 0.576388888888889
3 0.66328125 0.04722222222222222 0.1703125 0.09444444444444444
2 0.172265625 0.33819444444444446 0.13046875 0.2125
0 0.34492187500000004 0.40347222222222223 0.07734375 0.1513888888888889
0 0.43867187500000004 0.16527777777777777 0.06953125 0.125
0 0.29765625 0.06944444444444445 0.060937500000000006 0.11388888888888889
0 0.29531250000000003 0.04513888888888889 0.0625 0.09027777777777778
0 0.248828125 0.10069444444444445 0.06328125 0.11805555555555557
0 0.24531250000000002 0.06458333333333334 0.065625 0.12083333333333333
3 0.024609375000000003 0.4291666666666667 0.049218750000000006 0.28055555555555556
3 0.27890625 0.0 0.11875000000000001 0.0
2 0.5730468750000001 0.16736111111111113 0.11328125 0.1875
