1 0.355078125 0.10416666666666667 0.18671875000000002 0.20833333333333334
3 0.025 0.125 0.05 0.25
2 0.3875 0.7270833333333334 0.1015625 0.24305555555555555
0 0.35585937500000003 0.4340277777777778 0.07421875 0.1486111111111111
0 0.152734375 0.3909722222222222 0.08515625 0.14305555555555557
0 0.082421875 0.7083333333333334 0.10703125000000001 0.18055555555555555
0 0.068359375 0.6875 0.11328125 0.18888888888888888
0 0.130859375 0.7944444444444445 0.10703125000000001 0.19166666666666668
0 0.11875000000000001 0.7777777777777778 0.11406250000000001 0.2
3 0.6429687500000001 0.93125 0.30000000000000004 0.1375
2 0.13515625 0.19791666666666669 0.1015625 0.1736111111111111
