1 0.48281250000000003 0.7569444444444444 0.325 0.41111111111111115
3 0.880078125 0.49930555555555556 0.23984375000000002 0.3902777777777778
2 0.288671875 0.18611111111111112 0.07421875 0.17500000000000002
0 0.355078125 0.39375 0.06015625 0.1375
0 0.551953125 0.3451388888888889 0.057031250000000006 0.13194444444444445
0 0.500390625 0.1277777777777778 0.049218750000000006 0.11111111111111112
0 0.50546875 0.09444444444444444 0.05 0.11388888888888889
0 0.45 0.10486111111111111 0.0484375 0.10972222222222222
0 0.453125 0.07013888888888889 0.05 0.1125
3 0.13515625 0.09652777777777778 0.146875 0.19305555555555556
3 0.603515625 0.043055555555555555 0.15703125 0.08611111111111111
2 0.6703125000000001 0.5201388888888889 0.1390625 0.21805555555555556
