1 0.23671875 0.33472222222222225 0.33906250000000004 0.6416666666666667
3 0.947265625 0.5708333333333333 0.10546875 0.6055555555555556
2 0.38359375 0.3576388888888889 0.07968750000000001 0.09583333333333334
0 0.36484375 0.4118055555555556 0.078125 0.0763888888888889
0 0.5859375 0.4444444444444445 0.09062500000000001 0.09444444444444444
0 0.6039062500000001 0.39166666666666666 0.06875 0.06666666666666667
0 0.6058593750000001 0.34444444444444444 0.06953125 0.061111111111111116
0 0.5578125 0.3791666666666667 0.06406250000000001 0.061111111111111116
0 0.558984375 0.3354166666666667 0.06484375 0.05694444444444444
3 0.319921875 0.3041666666666667 0.06328125 0.13055555555555556
3 0.7683593750000001 0.33333333333333337 0.16640625 0.18055555555555555
2 0.67109375 0.5083333333333333 0.153125 0.2388888888888889
