1 0.26875 0.2701388888888889 0.15625 0.27083333333333337
2 0.516015625 0.4569444444444445 0.16015625 0.19166666666666668
0 0.3609375 0.41875 0.051562500000000004 0.08194444444444444
0 0.12070312500000001 0.4479166666666667 0.09140625000000001 0.09583333333333334
0 0.11601562500000001 0.56875 0.13984375000000002 0.17083333333333334
0 0.11210937500000001 0.47222222222222227 0.14296875 0.15555555555555556
0 0.23007812500000002 0.58125 0.12109375 0.17916666666666667
0 0.22812500000000002 0.48125 0.1234375 0.1625
3 0.8578125000000001 0.45 0.284375 0.4027777777777778
2 0.05390625 0.39166666666666666 0.09375 0.1277777777777778
