1 0.5609375 0.2763888888888889 0.1796875 0.33611111111111114
3 0.358984375 0.29305555555555557 0.09609375 0.12222222222222223
2 0.158984375 0.4354166666666667 0.13515625 0.16805555555555557
0 0.34453125 0.41597222222222224 0.0765625 0.0763888888888889
0 0.29531250000000003 0.3666666666666667 0.059375000000000004 0.05277777777777778
0 0.13593750000000002 0.3791666666666667 0.0734375 0.058333333333333334
0 0.134765625 0.33333333333333337 0.07421875 0.05555555555555556
0 0.1015625 0.39375 0.08281250000000001 0.06527777777777778
0 0.099609375 0.34375 0.08359375000000001 0.0625
3 0.030078125 0.5555555555555556 0.06015625 0.6111111111111112
3 0.055859375 0.3145833333333333 0.11171875 0.15972222222222224
2 0.380859375 0.3375 0.07734375 0.08333333333333334
