1 0.625 0.33958333333333335 0.1796875 0.4847222222222222
3 0.52734375 0.01875 0.1390625 0.0375
2 0.17148437500000002 0.4354166666666667 0.12265625000000001 0.17916666666666667
0 0.34492187500000004 0.4118055555555556 0.07734375 0.13472222222222222
0 0.375 0.16111111111111112 0.065625 0.10833333333333334
0 0.22578125000000002 0.13055555555555556 0.0671875 0.10555555555555556
0 0.22109375 0.09722222222222222 0.0703125 0.10833333333333334
0 0.186328125 0.18055555555555555 0.07109375 0.11111111111111112
0 0.18046875 0.14791666666666667 0.0734375 0.11527777777777778
3 0.0328125 0.6583333333333333 0.065625 0.34444444444444444
3 0.16562500000000002 0.02291666666666667 0.13125 0.04583333333333334
2 0.4890625 0.10972222222222222 0.08281250000000001 0.14444444444444446
