1 0.41875 0.788888888888889 0.33125000000000004 0.35000000000000003
3 0.88984375 0.65625 0.22031250000000002 0.43194444444444446
2 0.3125 0.17083333333333334 0.06875 0.1638888888888889
0 0.35781250000000003 0.39375 0.06875 0.14583333333333334
0 0.5671875000000001 0.39513888888888893 0.06875 0.14583333333333334
0 0.5378906250000001 0.15972222222222224 0.05859375 0.11944444444444445
0 0.54453125 0.125 0.060937500000000006 0.12222222222222223
0 0.487890625 0.12569444444444444 0.057031250000000006 0.11527777777777778
0 0.4921875 0.08958333333333333 0.059375000000000004 0.11805555555555557
3 0.18046875 0.07361111111111111 0.12812500000000002 0.14722222222222223
3 0.6671875 0.06944444444444445 0.171875 0.1388888888888889
2 0.673828125 0.6083333333333334 0.13828125 0.21666666666666667
