1 0.5105468750000001 0.16180555555555556 0.20859375000000002 0.3236111111111111
3 0.21953125 0.017361111111111112 0.12187500000000001 0.034722222222222224
2 0.24140625000000002 0.6645833333333333 0.1390625 0.2569444444444445
0 0.3484375 0.4277777777777778 0.0734375 0.11666666666666667
0 0.23125 0.225 0.065625 0.1
0 0.08476562500000001 0.3791666666666667 0.07578125000000001 0.11111111111111112
0 0.0734375 0.3493055555555556 0.07968750000000001 0.11527777777777778
0 0.080078125 0.4708333333333333 0.08046875 0.11944444444444445
0 0.068359375 0.44375000000000003 0.08515625 0.12361111111111112
3 0.19687500000000002 0.9645833333333333 0.26406250000000003 0.07083333333333333
3 0.0 0.28541666666666665 0.0 0.32916666666666666
2 0.2890625 0.07986111111111112 0.09375 0.15972222222222224
