1 0.594921875 0.2916666666666667 0.16171875000000002 0.35000000000000003
3 0.45156250000000003 0.2986111111111111 0.09843750000000001 0.11944444444444445
2 0.1609375 0.41111111111111115 0.125 0.13055555555555556
0 0.34453125 0.4152777777777778 0.078125 0.075
0 0.349609375 0.3666666666666667 0.05859375 0.05277777777777778
0 0.21015625000000002 0.3666666666666667 0.060937500000000006 0.05277777777777778
0 0.209375 0.3277777777777778 0.060937500000000006 0.05
0 0.17265625 0.3770833333333333 0.065625 0.05694444444444444
0 0.17148437500000002 0.3340277777777778 0.06640625 0.05416666666666667
3 0.005078125 0.44097222222222227 0.01015625 0.3652777777777778
3 0.15976562500000002 0.3055555555555556 0.10234375000000001 0.13055555555555556
2 0.44648437500000004 0.34375 0.06953125 0.07916666666666666
