1 0.091796875 0.4986111111111111 0.18359375 0.5833333333333334
2 0.513671875 0.26319444444444445 0.11953125 0.18472222222222223
0 0.37148437500000003 0.40902777777777777 0.07578125000000001 0.11527777777777778
0 0.44921875 0.7923611111111112 0.09375 0.14305555555555557
0 0.6648437500000001 0.6784722222222223 0.10312500000000001 0.13472222222222222
0 0.68125 0.6548611111111111 0.11093750000000001 0.14305555555555557
0 0.6640625 0.55625 0.096875 0.12638888888888888
0 0.679296875 0.5284722222222222 0.10234375000000001 0.13194444444444445
3 0.566015625 0.07847222222222222 0.16171875000000002 0.15694444444444444
3 0.904296875 0.8479166666666667 0.19140625 0.3041666666666667
2 0.295703125 0.9472222222222223 0.16015625 0.10555555555555556
