1 0.148828125 0.27361111111111114 0.20234375000000002 0.34444444444444444
2 0.56796875 0.4166666666666667 0.13593750000000002 0.15833333333333333
0 0.369921875 0.41875 0.07890625000000001 0.08750000000000001
0 0.191796875 0.5076388888888889 0.10078125 0.14305555555555557
0 0.474609375 0.6152777777777778 0.16953125000000002 0.22222222222222224
0 0.4765625 0.5027777777777778 0.17343750000000002 0.19722222222222224
0 0.578515625 0.5791666666666667 0.16796875 0.19444444444444445
0 0.582421875 0.4756944444444445 0.17109375000000002 0.1736111111111111
3 0.775 0.3479166666666667 0.2265625 0.2263888888888889
3 0.58828125 0.6375000000000001 0.8234375 0.725
2 0.036328125 0.4673611111111111 0.07265625 0.20972222222222223
