1 0.078515625 0.2951388888888889 0.15703125 0.49583333333333335
3 0.2703125 0.6354166666666667 0.540625 0.7291666666666667
2 0.513671875 0.3729166666666667 0.11015625000000001 0.1125
0 0.37148437500000003 0.41458333333333336 0.07890625000000001 0.0763888888888889
0 0.45039062500000004 0.5201388888888889 0.11796875000000001 0.13472222222222222
0 0.72421875 0.49236111111111114 0.13593750000000002 0.11805555555555557
0 0.7289062500000001 0.4138888888888889 0.1390625 0.11111111111111112
0 0.704296875 0.45763888888888893 0.11640625 0.09861111111111112
0 0.708203125 0.38819444444444445 0.11796875000000001 0.09305555555555556
3 0.5476562500000001 0.3111111111111111 0.12187500000000001 0.15555555555555556
2 0.215234375 0.5819444444444445 0.23203125000000002 0.31666666666666665
