1 0.54921875 0.2833333333333333 0.1703125 0.31666666666666665
3 0.353515625 0.2965277777777778 0.09296875 0.11805555555555557
2 0.17421875 0.4354166666666667 0.1265625 0.15972222222222224
0 0.34492187500000004 0.41597222222222224 0.07265625 0.07083333333333333
0 0.294140625 0.36875 0.057031250000000006 0.051388888888888894
0 0.141015625 0.38125000000000003 0.07109375 0.05694444444444444
0 0.139453125 0.3368055555555556 0.07109375 0.05416666666666667
0 0.10898437500000001 0.39583333333333337 0.07890625000000001 0.0638888888888889
0 0.10703125000000001 0.3479166666666667 0.07968750000000001 0.059722222222222225
3 0.047265625000000006 0.5395833333333333 0.09453125000000001 0.5541666666666667
3 0.057031250000000006 0.31875000000000003 0.11406250000000001 0.15694444444444444
2 0.37578125 0.3402777777777778 0.07500000000000001 0.08055555555555556
