1 0.56796875 0.28958333333333336 0.1640625 0.3236111111111111
3 0.398046875 0.2986111111111111 0.09296875 0.11666666666666667
2 0.16640625 0.4236111111111111 0.11875000000000001 0.14166666666666666
0 0.3453125 0.4152777777777778 0.07500000000000001 0.07222222222222223
0 0.32070312500000003 0.36875 0.057031250000000006 0.051388888888888894
0 0.176171875 0.37430555555555556 0.06484375 0.05416666666666667
0 0.17500000000000002 0.33333333333333337 0.065625 0.05
0 0.142578125 0.38680555555555557 0.07109375 0.059722222222222225
0 0.140625 0.3423611111111111 0.07187500000000001 0.05694444444444444
3 0.025781250000000002 0.4847222222222222 0.051562500000000004 0.4361111111111111
3 0.103515625 0.31319444444444444 0.11796875000000001 0.14027777777777778
2 0.4078125 0.3416666666666667 0.07187500000000001 0.07777777777777778
