1 0.2390625 0.3375 0.33125000000000004 0.625
3 0.941015625 0.5638888888888889 0.11796875000000001 0.5861111111111111
2 0.3828125 0.35833333333333334 0.078125 0.09444444444444444
0 0.36445312500000004 0.4118055555555556 0.07734375 0.0763888888888889
0 0.582421875 0.4451388888888889 0.08984375 0.09305555555555556
0 0.601171875 0.39166666666666666 0.06796875000000001 0.06666666666666667
0 0.603125 0.3451388888888889 0.06875 0.0625
0 0.555078125 0.37986111111111115 0.06328125 0.059722222222222225
0 0.556640625 0.3368055555555556 0.06328125 0.05694444444444444
3 0.319921875 0.3055555555555556 0.06328125 0.13055555555555556
3 0.76328125 0.3340277777777778 0.1640625 0.17916666666666667
2 0.66328125 0.50625 0.1484375 0.23194444444444445
