1 0.43085937500000004 0.28055555555555556 0.14765625000000002 0.25277777777777777
3 0.1703125 0.30833333333333335 0.09062500000000001 0.1277777777777778
2 0.287109375 0.46805555555555556 0.14921875 0.18611111111111112
0 0.35234375 0.41805555555555557 0.0765625 0.075
0 0.20664062500000002 0.3888888888888889 0.06640625 0.061111111111111116
0 0.060937500000000006 0.4340277777777778 0.084375 0.08194444444444444
0 0.058203125 0.3784722222222222 0.08515625 0.0763888888888889
0 0.062109375 0.4569444444444445 0.09296875 0.09444444444444444
0 0.058984375000000006 0.39513888888888893 0.09453125000000001 0.08750000000000001
3 0.40156250000000004 0.6041666666666667 0.30625 0.6333333333333333
2 0.244921875 0.3493055555555556 0.08046875 0.08472222222222223
