1 0.516015625 0.32430555555555557 0.37578125 0.6486111111111111
3 0.90390625 0.3763888888888889 0.1921875 0.275
2 0.28945312500000003 0.35833333333333334 0.06640625 0.1
0 0.35390625000000003 0.41111111111111115 0.060937500000000006 0.08055555555555556
0 0.55703125 0.3993055555555556 0.05 0.07361111111111111
0 0.482421875 0.3597222222222222 0.03671875 0.05277777777777778
0 0.483203125 0.3194444444444445 0.03671875 0.05
0 0.43476562500000004 0.35625 0.03828125 0.051388888888888894
0 0.435546875 0.31736111111111115 0.03828125 0.04861111111111111
3 0.15742187500000002 0.31319444444444444 0.10859375 0.15694444444444444
3 0.551953125 0.30069444444444443 0.11484375000000001 0.13472222222222222
2 0.710546875 0.41944444444444445 0.16171875000000002 0.15555555555555556
