1 0.22578125000000002 0.7284722222222223 0.30312500000000003 0.5069444444444444
3 0.8484375000000001 0.9659722222222222 0.30312500000000003 0.06805555555555556
2 0.39765625000000004 0.18333333333333335 0.09062500000000001 0.18055555555555555
0 0.36562500000000003 0.3979166666666667 0.07500000000000001 0.12916666666666668
0 0.55390625 0.5583333333333333 0.0890625 0.14722222222222223
0 0.612890625 0.3236111111111111 0.08046875 0.12222222222222223
0 0.623046875 0.2923611111111111 0.08359375000000001 0.12638888888888888
0 0.575390625 0.2555555555555556 0.07578125000000001 0.11666666666666667
0 0.583203125 0.22361111111111112 0.07890625000000001 0.11944444444444445
3 0.3328125 0.044444444444444446 0.08125 0.08888888888888889
3 0.813671875 0.2534722222222222 0.19296875000000002 0.29305555555555557
2 0.56953125 0.8354166666666667 0.1390625 0.28194444444444444
