1 0.107421875 0.5708333333333333 0.21484375 0.6138888888888889
2 0.49335937500000004 0.23055555555555557 0.11953125 0.19444444444444445
0 0.371875 0.40555555555555556 0.07187500000000001 0.1
0 0.491796875 0.7625000000000001 0.09765625 0.11944444444444445
0 0.677734375 0.5923611111111111 0.10703125000000001 0.10972222222222222
0 0.6937500000000001 0.5659722222222222 0.11406250000000001 0.11527777777777778
0 0.6644531250000001 0.47708333333333336 0.09921875000000001 0.10416666666666667
0 0.6785156250000001 0.44722222222222224 0.10546875 0.10833333333333334
3 0.516796875 0.06041666666666667 0.14453125 0.12083333333333333
3 0.9183593750000001 0.7611111111111112 0.16328125000000002 0.4777777777777778
2 0.371875 0.9472222222222223 0.1765625 0.10555555555555556
