1 0.14296875 0.19166666666666668 0.2515625 0.38333333333333336
2 0.548828125 0.5375 0.14609375 0.25277777777777777
0 0.36875 0.42847222222222225 0.0703125 0.1513888888888889
0 0.2 0.7152777777777778 0.07968750000000001 0.18611111111111112
0 0.37421875000000004 0.9548611111111112 0.09531250000000001 0.09027777777777778
0 0.375 0.9486111111111112 0.1015625 0.10277777777777779
0 0.458984375 0.9298611111111111 0.10078125 0.14027777777777778
0 0.46523437500000003 0.9222222222222223 0.10859375 0.15555555555555556
3 0.8015625000000001 0.4444444444444445 0.253125 0.325
2 0.058203125 0.6152777777777778 0.11640625 0.26666666666666666
