1 0.1234375 0.5875 0.246875 0.5583333333333333
2 0.47265625 0.23055555555555557 0.1078125 0.18333333333333335
0 0.370703125 0.4048611111111111 0.06796875000000001 0.09861111111111112
0 0.494921875 0.7090277777777778 0.08984375 0.11805555555555557
0 0.6507812500000001 0.5368055555555555 0.09531250000000001 0.10694444444444445
0 0.663671875 0.5104166666666667 0.10078125 0.1125
0 0.634765625 0.4354166666666667 0.08828125 0.10138888888888889
0 0.646484375 0.40694444444444444 0.09296875 0.10555555555555556
3 0.482421875 0.06319444444444444 0.12578125 0.12638888888888888
3 0.89765625 0.6458333333333334 0.20468750000000002 0.4138888888888889
2 0.405078125 0.9159722222222223 0.15859375 0.16805555555555557
