1 0.096875 0.36180555555555555 0.19375 0.48750000000000004
2 0.53515625 0.3472222222222222 0.10625000000000001 0.16111111111111112
0 0.371875 0.4173611111111111 0.078125 0.13194444444444445
0 0.359375 0.7916666666666667 0.096875 0.16944444444444445
0 0.58828125 0.8173611111111111 0.10625000000000001 0.1736111111111111
0 0.6003906250000001 0.8013888888888889 0.11171875 0.18055555555555555
0 0.6171875 0.7041666666666667 0.1015625 0.16111111111111112
0 0.630078125 0.6840277777777778 0.10703125000000001 0.16805555555555557
3 0.646484375 0.1326388888888889 0.18515625000000002 0.2652777777777778
2 0.17421875 0.8993055555555556 0.153125 0.2013888888888889
