1 0.56015625 0.32222222222222224 0.359375 0.6444444444444445
3 0.8660156250000001 0.3527777777777778 0.21171875 0.23055555555555557
2 0.265234375 0.36180555555555555 0.07734375 0.10416666666666667
0 0.3515625 0.41111111111111115 0.051562500000000004 0.07777777777777778
0 0.5359375000000001 0.3902777777777778 0.0546875 0.06666666666666667
0 0.45 0.35555555555555557 0.035937500000000004 0.05
0 0.45039062500000004 0.31736111111111115 0.03671875 0.04861111111111111
0 0.401953125 0.3541666666666667 0.03359375 0.05
0 0.40234375 0.31527777777777777 0.0328125 0.04722222222222222
3 0.11328125 0.31875000000000003 0.1265625 0.16805555555555557
3 0.5007812500000001 0.2972222222222222 0.10625000000000001 0.1277777777777778
2 0.6859375000000001 0.4027777777777778 0.146875 0.14166666666666666
