1 0.18515625000000002 0.6875 0.28750000000000003 0.5305555555555556
2 0.4234375 0.19652777777777777 0.096875 0.18194444444444446
0 0.36757812500000003 0.4 0.07421875 0.11944444444444445
0 0.53828125 0.6104166666666667 0.0921875 0.14027777777777778
0 0.6292968750000001 0.3888888888888889 0.08515625 0.11944444444444445
0 0.640234375 0.3597222222222222 0.08984375 0.125
0 0.59765625 0.3104166666666667 0.07968750000000001 0.1125
0 0.606640625 0.2791666666666667 0.08359375000000001 0.11666666666666667
3 0.38398437500000004 0.04791666666666667 0.09296875 0.09583333333333334
3 0.853515625 0.3666666666666667 0.19609375 0.3277777777777778
2 0.52109375 0.8729166666666667 0.15000000000000002 0.25416666666666665
