1 0.129296875 0.28194444444444444 0.20390625 0.35555555555555557
2 0.55703125 0.40555555555555556 0.115625 0.14166666666666666
0 0.37031250000000004 0.41805555555555557 0.08125 0.08333333333333334
0 0.23984375000000002 0.5145833333333334 0.11406250000000001 0.14305555555555557
0 0.548828125 0.5888888888888889 0.16484375 0.19444444444444445
0 0.551953125 0.4861111111111111 0.16796875 0.17500000000000002
0 0.6218750000000001 0.5493055555555556 0.153125 0.16527777777777777
0 0.6257812500000001 0.4569444444444445 0.15625 0.15
3 0.716796875 0.3375 0.19140625 0.19722222222222224
3 0.8050781250000001 0.64375 0.38984375000000004 0.7125
2 0.052734375 0.4881944444444445 0.10546875 0.22083333333333335
