1 0.507421875 0.3298611111111111 0.33828125000000003 0.5902777777777778
3 0.887890625 0.37430555555555556 0.22421875000000002 0.2513888888888889
2 0.288671875 0.36041666666666666 0.06484375 0.09583333333333334
0 0.35390625000000003 0.41111111111111115 0.05625 0.075
0 0.5437500000000001 0.39861111111111114 0.046875 0.06944444444444445
0 0.47265625 0.36041666666666666 0.034375 0.051388888888888894
0 0.4734375 0.3229166666666667 0.034375 0.04861111111111111
0 0.42734375 0.35833333333333334 0.035937500000000004 0.05
0 0.427734375 0.32083333333333336 0.03671875 0.04722222222222222
3 0.158984375 0.31736111111111115 0.10703125000000001 0.15416666666666667
3 0.5375 0.3041666666666667 0.109375 0.13055555555555556
2 0.68515625 0.41597222222222224 0.146875 0.14305555555555557
