1 0.44179687500000003 0.12847222222222224 0.19765625 0.2569444444444445
3 0.10078125 0.04930555555555556 0.12812500000000002 0.09861111111111112
2 0.3046875 0.7173611111111111 0.1328125 0.27083333333333337
0 0.35195312500000003 0.43125 0.07890625000000001 0.1375
0 0.1859375 0.2923611111111111 0.078125 0.12361111111111112
0 0.063671875 0.5284722222222222 0.09609375 0.1486111111111111
0 0.050390625 0.5020833333333333 0.10078125 0.15416666666666667
0 0.08281250000000001 0.6263888888888889 0.1 0.15833333333333333
0 0.06992187500000001 0.6027777777777777 0.10546875 0.16666666666666669
3 0.4296875 0.9993055555555556 0.184375 0.001388888888888889
2 0.211328125 0.11666666666666667 0.10078125 0.17500000000000002
