1 0.122265625 0.21875 0.24453125 0.4375
2 0.5546875 0.4881944444444445 0.1390625 0.23750000000000002
0 0.37031250000000004 0.42638888888888893 0.0765625 0.1527777777777778
0 0.232421875 0.7569444444444444 0.09140625000000001 0.19444444444444445
0 0.44179687500000003 0.9465277777777779 0.10859375 0.10694444444444445
0 0.446875 0.9395833333333333 0.115625 0.12083333333333333
0 0.516015625 0.9097222222222222 0.11171875 0.18055555555555555
0 0.525390625 0.9013888888888889 0.11953125 0.19722222222222224
3 0.7757812500000001 0.34305555555555556 0.24375000000000002 0.28055555555555556
2 0.06796875000000001 0.7027777777777778 0.13593750000000002 0.27222222222222225
