1 0.4765625 0.14375000000000002 0.2015625 0.28750000000000003
3 0.160546875 0.03194444444444445 0.12421875 0.0638888888888889
2 0.27187500000000003 0.69375 0.1375 0.2652777777777778
0 0.350390625 0.4291666666666667 0.07734375 0.1277777777777778
0 0.2078125 0.2569444444444445 0.07187500000000001 0.11111111111111112
0 0.07265625 0.4513888888888889 0.0859375 0.13055555555555556
0 0.060546875 0.42291666666666666 0.08984375 0.13472222222222222
0 0.079296875 0.5472222222222223 0.09140625000000001 0.1388888888888889
0 0.0671875 0.5208333333333334 0.09531250000000001 0.14444444444444446
3 0.30390625000000004 0.9854166666666667 0.215625 0.029166666666666667
2 0.25 0.09444444444444444 0.096875 0.17222222222222222
