1 0.126953125 0.32222222222222224 0.21484375 0.5694444444444444
3 0.855078125 0.64375 0.28984375 0.7125
2 0.455078125 0.36388888888888893 0.09609375 0.10277777777777779
0 0.37109375 0.41250000000000003 0.0734375 0.07222222222222223
0 0.546484375 0.4861111111111111 0.11640625 0.10833333333333334
0 0.680859375 0.4340277777777778 0.10234375000000001 0.08194444444444444
0 0.6839843750000001 0.375 0.10390625 0.07777777777777778
0 0.6421875 0.4118055555555556 0.0890625 0.07083333333333333
0 0.64453125 0.3590277777777778 0.09062500000000001 0.06805555555555556
3 0.43984375000000003 0.30625 0.0890625 0.1375
3 0.9296875 0.39722222222222225 0.140625 0.2972222222222222
2 0.475390625 0.5715277777777777 0.22890625 0.30694444444444446
