1 0.096875 0.29097222222222224 0.19375 0.39861111111111114
3 0.0 0.638888888888889 0.0 0.7222222222222222
2 0.5421875 0.3875 0.10625000000000001 0.11944444444444445
0 0.37109375 0.4166666666666667 0.08281250000000001 0.08055555555555556
0 0.33906250000000004 0.5222222222222223 0.12812500000000002 0.14166666666666666
0 0.655859375 0.5409722222222222 0.13671875 0.15416666666666667
0 0.66015625 0.4513888888888889 0.1390625 0.1388888888888889
0 0.6781250000000001 0.5006944444444444 0.1203125 0.12916666666666668
0 0.6820312500000001 0.42291666666666666 0.12187500000000001 0.11805555555555557
3 0.628125 0.3236111111111111 0.15000000000000002 0.16944444444444445
3 0.9609375 0.6347222222222223 0.078125 0.7305555555555556
2 0.09335937500000001 0.5305555555555556 0.18671875000000002 0.24722222222222223
