1 0.5847656250000001 0.32083333333333336 0.30078125 0.5833333333333334
3 0.7738281250000001 0.33472222222222225 0.16328125000000002 0.18888888888888888
2 0.240625 0.36736111111111114 0.08750000000000001 0.10694444444444445
0 0.351171875 0.4118055555555556 0.05078125 0.0763888888888889
0 0.50390625 0.3826388888888889 0.05625 0.0625
0 0.40742187500000004 0.3541666666666667 0.039843750000000004 0.05
0 0.4078125 0.31736111111111115 0.0390625 0.04583333333333334
0 0.36250000000000004 0.3541666666666667 0.035937500000000004 0.05
0 0.36250000000000004 0.31736111111111115 0.035937500000000004 0.04583333333333334
3 0.06992187500000001 0.3298611111111111 0.13984375000000002 0.17916666666666667
3 0.43984375000000003 0.2965277777777778 0.096875 0.12083333333333333
2 0.6414062500000001 0.3861111111111111 0.125 0.12222222222222223
