1 0.50625 0.2729166666666667 0.171875 0.3013888888888889
3 0.2703125 0.2951388888888889 0.09375 0.12361111111111112
2 0.20039062500000002 0.45763888888888893 0.16171875000000002 0.19583333333333333
0 0.349609375 0.4173611111111111 0.07734375 0.0763888888888889
0 0.248046875 0.3736111111111111 0.057031250000000006 0.05555555555555556
0 0.080078125 0.3993055555555556 0.08046875 0.06805555555555556
0 0.07773437500000001 0.3479166666666667 0.08203125 0.06527777777777778
0 0.055078125000000006 0.41944444444444445 0.09296875 0.07777777777777778
0 0.05234375 0.36180555555555555 0.09375 0.07361111111111111
3 0.12421875 0.6277777777777778 0.2484375 0.7444444444444445
3 0.01015625 0.3354166666666667 0.0203125 0.19583333333333333
2 0.31562500000000004 0.3388888888888889 0.08125 0.08333333333333334
