1 0.48085937500000003 0.75 0.31796875 0.4083333333333333
3 0.876953125 0.4951388888888889 0.24609375 0.38472222222222224
2 0.28945312500000003 0.1902777777777778 0.07421875 0.17222222222222222
0 0.35546875 0.3944444444444445 0.059375000000000004 0.13611111111111113
0 0.54921875 0.3458333333333333 0.0546875 0.13055555555555556
0 0.498046875 0.1326388888888889 0.047656250000000004 0.10972222222222222
0 0.503125 0.09861111111111112 0.05 0.11111111111111112
0 0.448046875 0.10902777777777778 0.047656250000000004 0.10694444444444445
0 0.451171875 0.07569444444444445 0.049218750000000006 0.10972222222222222
3 0.1375 0.09861111111111112 0.1453125 0.19722222222222224
3 0.599609375 0.04513888888888889 0.15390625000000002 0.09027777777777778
2 0.666015625 0.5173611111111112 0.13671875 0.2152777777777778
