1 0.6019531250000001 0.3194444444444445 0.33828125000000003 0.638888888888889
3 0.810546875 0.33333333333333337 0.18203125 0.20277777777777778
2 0.23945312500000002 0.36458333333333337 0.08984375 0.10972222222222222
0 0.3515625 0.41111111111111115 0.051562500000000004 0.08055555555555556
0 0.5164062500000001 0.3826388888888889 0.059375000000000004 0.06527777777777778
0 0.41640625000000003 0.35208333333333336 0.040625 0.051388888888888894
0 0.41718750000000004 0.31319444444444444 0.040625 0.04861111111111111
0 0.369140625 0.35208333333333336 0.03671875 0.051388888888888894
0 0.369140625 0.31319444444444444 0.03671875 0.04861111111111111
3 0.068359375 0.32430555555555557 0.13671875 0.18472222222222223
3 0.45234375000000004 0.29305555555555557 0.1015625 0.125
2 0.6648437500000001 0.3875 0.13593750000000002 0.13333333333333333
