1 0.47421875 0.275 0.1625 0.28055555555555556
3 0.2265625 0.29930555555555555 0.09375 0.12638888888888888
2 0.233203125 0.4652777777777778 0.16484375 0.19722222222222224
0 0.35000000000000003 0.41805555555555557 0.07968750000000001 0.07777777777777778
0 0.22773437500000002 0.3791666666666667 0.06171875 0.058333333333333334
0 0.0625 0.4138888888888889 0.08125 0.075
0 0.059765625 0.3597222222222222 0.08203125 0.06944444444444445
0 0.04609375 0.43472222222222223 0.0921875 0.08611111111111111
0 0.044921875 0.37569444444444444 0.08984375 0.07916666666666666
3 0.18085937500000002 0.6340277777777779 0.36171875000000003 0.7319444444444445
2 0.28359375000000003 0.3423611111111111 0.08125 0.08472222222222223
