1 0.37812500000000004 0.2743055555555556 0.14375000000000002 0.24861111111111112
3 0.07500000000000001 0.3159722222222222 0.09843750000000001 0.1486111111111111
2 0.357421875 0.47361111111111115 0.13046875 0.19444444444444445
0 0.35468750000000004 0.41875 0.0765625 0.07916666666666666
0 0.16757812500000002 0.4027777777777778 0.07734375 0.07222222222222223
0 0.045312500000000006 0.4708333333333333 0.09062500000000001 0.10833333333333334
0 0.043750000000000004 0.40347222222222223 0.08750000000000001 0.09861111111111112
0 0.062109375 0.4965277777777778 0.12421875 0.12361111111111112
0 0.060546875 0.42291666666666666 0.12109375 0.1125
3 0.7152343750000001 0.5930555555555556 0.45703125 0.6361111111111112
2 0.182421875 0.35694444444444445 0.08671875000000001 0.09166666666666667
