1 0.20429687500000002 0.14305555555555557 0.23203125000000002 0.28611111111111115
2 0.5242187500000001 0.6395833333333334 0.153125 0.2791666666666667
0 0.36562500000000003 0.43333333333333335 0.053125000000000006 0.14166666666666666
0 0.146484375 0.6166666666666667 0.07265625 0.16111111111111112
0 0.23359375000000002 0.9527777777777778 0.07500000000000001 0.09444444444444444
0 0.225390625 0.9465277777777779 0.08046875 0.10694444444444445
0 0.32890625 0.9555555555555556 0.06875 0.08888888888888889
0 0.326953125 0.9493055555555556 0.07265625 0.10138888888888889
3 0.827734375 0.6902777777777778 0.31328125 0.4388888888888889
2 0.0484375 0.4465277777777778 0.096875 0.24583333333333335
