1 0.350390625 0.2701388888888889 0.14140625 0.24861111111111112
3 0.03515625 0.32222222222222224 0.0703125 0.1638888888888889
2 0.400390625 0.47361111111111115 0.11640625 0.19722222222222224
0 0.35546875 0.41944444444444445 0.07500000000000001 0.08333333333333334
0 0.14765625000000002 0.4118055555555556 0.084375 0.07916666666666666
0 0.045703125000000004 0.49444444444444446 0.09140625000000001 0.125
0 0.044140625 0.41944444444444445 0.08828125 0.11388888888888889
0 0.072265625 0.5222222222222223 0.13984375000000002 0.14444444444444446
0 0.06992187500000001 0.4395833333333333 0.13984375000000002 0.12916666666666668
3 0.7855468750000001 0.5756944444444445 0.42890625000000004 0.6236111111111111
2 0.148046875 0.36180555555555555 0.09140625000000001 0.09861111111111112
