1 0.40546875000000004 0.2763888888888889 0.146875 0.25277777777777777
3 0.12265625000000001 0.3104166666666667 0.09531250000000001 0.1375
2 0.319921875 0.47222222222222227 0.14609375 0.19444444444444445
0 0.353515625 0.41875 0.07890625000000001 0.07916666666666666
0 0.18476562500000002 0.39583333333333337 0.07265625 0.06666666666666667
0 0.045312500000000006 0.45069444444444445 0.09062500000000001 0.09583333333333334
0 0.044140625 0.3902777777777778 0.08828125 0.08888888888888889
0 0.0546875 0.47708333333333336 0.109375 0.10972222222222222
0 0.053125000000000006 0.40902777777777777 0.10625000000000001 0.10138888888888889
3 0.5953125 0.6069444444444445 0.3828125 0.6555555555555556
2 0.21328125 0.35208333333333336 0.084375 0.08750000000000001
