1 0.58125 0.2972222222222222 0.153125 0.33055555555555555
3 0.43984375000000003 0.3013888888888889 0.09531250000000001 0.11666666666666667
2 0.169921875 0.4131944444444445 0.11796875000000001 0.12638888888888888
0 0.3453125 0.4152777777777778 0.07500000000000001 0.07222222222222223
0 0.34492187500000004 0.36875 0.057031250000000006 0.051388888888888894
0 0.20859375000000002 0.36875 0.059375000000000004 0.051388888888888894
0 0.2078125 0.33125 0.059375000000000004 0.04861111111111111
0 0.17343750000000002 0.3791666666666667 0.06406250000000001 0.05555555555555556
0 0.172265625 0.3388888888888889 0.06484375 0.05277777777777778
3 0.014843750000000001 0.4444444444444445 0.029687500000000002 0.3527777777777778
3 0.15546875000000002 0.3090277777777778 0.1015625 0.12916666666666668
2 0.437109375 0.3451388888888889 0.06796875000000001 0.0763888888888889
