1 0.0765625 0.29930555555555555 0.153125 0.5569444444444445
2 0.49453125000000003 0.3680555555555556 0.1078125 0.11111111111111112
0 0.37031250000000004 0.4138888888888889 0.0734375 0.075
0 0.505859375 0.5125000000000001 0.12265625000000001 0.125
0 0.7269531250000001 0.46875 0.13046875 0.10138888888888889
0 0.7312500000000001 0.39513888888888893 0.1328125 0.09583333333333334
0 0.6937500000000001 0.4375 0.11093750000000001 0.08611111111111111
0 0.6976562500000001 0.37430555555555556 0.1125 0.08194444444444444
3 0.50703125 0.30625 0.109375 0.1486111111111111
2 0.32890625 0.6 0.246875 0.35000000000000003
