1 0.61328125 0.30625 0.15781250000000002 0.4652777777777778
3 0.601171875 0.30694444444444446 0.11953125 0.13611111111111113
2 0.18476562500000002 0.3861111111111111 0.11484375000000001 0.11944444444444445
0 0.34609375000000003 0.4138888888888889 0.0734375 0.08055555555555556
0 0.428515625 0.3701388888888889 0.06015625 0.05694444444444444
0 0.30703125000000003 0.3541666666666667 0.05 0.05
0 0.30703125000000003 0.3180555555555556 0.05 0.04722222222222222
0 0.26484375 0.3597222222222222 0.05 0.05277777777777778
0 0.264453125 0.3215277777777778 0.05078125 0.04861111111111111
3 0.025 0.3625 0.05 0.23055555555555557
3 0.2984375 0.29444444444444445 0.0859375 0.11666666666666667
2 0.544921875 0.3576388888888889 0.08671875000000001 0.09583333333333334
