1 0.616796875 0.4027777777777778 0.18984375 0.5111111111111112
3 0.585546875 0.03333333333333333 0.14765625000000002 0.06666666666666667
2 0.17578125 0.3888888888888889 0.1234375 0.19166666666666668
0 0.345703125 0.4083333333333333 0.07578125000000001 0.1388888888888889
0 0.404296875 0.16805555555555557 0.06484375 0.11388888888888889
0 0.26210937500000003 0.10694444444444445 0.06328125 0.10833333333333334
0 0.258984375 0.07291666666666667 0.06484375 0.10972222222222222
0 0.21953125 0.14722222222222223 0.065625 0.11111111111111112
0 0.21445312500000002 0.11388888888888889 0.06796875000000001 0.11388888888888889
3 0.030468750000000003 0.5416666666666667 0.060937500000000006 0.2916666666666667
3 0.22382812500000002 0.0034722222222222225 0.11640625 0.006944444444444445
2 0.525 0.14166666666666666 0.09375 0.16111111111111112
