1 0.40390625 0.11388888888888889 0.19843750000000002 0.22777777777777777
3 0.05234375 0.0763888888888889 0.1046875 0.1527777777777778
2 0.340625 0.7388888888888889 0.1265625 0.27222222222222225
0 0.35273437500000004 0.4340277777777778 0.08046875 0.1486111111111111
0 0.16328125000000002 0.33263888888888893 0.084375 0.1375
0 0.057031250000000006 0.6152777777777778 0.10625000000000001 0.16944444444444445
0 0.049218750000000006 0.5909722222222222 0.09843750000000001 0.1763888888888889
0 0.08984375 0.7145833333333333 0.109375 0.18194444444444446
0 0.076171875 0.69375 0.11640625 0.1902777777777778
3 0.5476562500000001 0.9895833333333334 0.25625000000000003 0.020833333333333336
2 0.17109375000000002 0.14305555555555557 0.1046875 0.18055555555555555
