1 0.244140625 0.3388888888888889 0.32734375000000004 0.6111111111111112
3 0.937109375 0.5555555555555556 0.12578125 0.5638888888888889
2 0.38203125000000004 0.35833333333333334 0.078125 0.09444444444444444
0 0.36484375 0.4118055555555556 0.0765625 0.0763888888888889
0 0.580078125 0.4430555555555556 0.08828125 0.09166666666666667
0 0.59765625 0.3909722222222222 0.0671875 0.06527777777777778
0 0.599609375 0.3458333333333333 0.06796875000000001 0.061111111111111116
0 0.55234375 0.3791666666666667 0.0625 0.058333333333333334
0 0.55390625 0.3368055555555556 0.0625 0.05694444444444444
3 0.31875000000000003 0.3055555555555556 0.0625 0.13055555555555556
3 0.75703125 0.3340277777777778 0.1609375 0.1763888888888889
2 0.6609375000000001 0.5027777777777778 0.1453125 0.22777777777777777
