1 0.611328125 0.3125 0.20390625 0.5027777777777778
3 0.65234375 0.3138888888888889 0.1296875 0.14722222222222223
2 0.2015625 0.37986111111111115 0.10625000000000001 0.11527777777777778
0 0.34804687500000003 0.4131944444444445 0.06796875000000001 0.07916666666666666
0 0.453125 0.3736111111111111 0.059375000000000004 0.058333333333333334
0 0.339453125 0.35347222222222224 0.04609375 0.04861111111111111
0 0.339453125 0.31736111111111115 0.04609375 0.04583333333333334
0 0.29609375 0.35694444444444445 0.045312500000000006 0.05
0 0.29609375 0.3194444444444445 0.045312500000000006 0.04722222222222222
3 0.0390625 0.35000000000000003 0.078125 0.2111111111111111
3 0.34375 0.29444444444444445 0.08750000000000001 0.11666666666666667
2 0.576171875 0.3652777777777778 0.09765625 0.10277777777777779
