1 0.45859375 0.2791666666666667 0.15625 0.26666666666666666
3 0.21054687500000002 0.3027777777777778 0.09140625000000001 0.125
2 0.25078125 0.4652777777777778 0.15781250000000002 0.18888888888888888
0 0.350390625 0.41805555555555557 0.07734375 0.075
0 0.22226562500000002 0.3826388888888889 0.06171875 0.059722222222222225
0 0.06484375 0.41944444444444445 0.078125 0.075
0 0.062109375 0.3666666666666667 0.07890625000000001 0.07222222222222223
0 0.054296875 0.4416666666666667 0.08828125 0.08611111111111111
0 0.051171875000000006 0.3826388888888889 0.08828125 0.08194444444444444
3 0.209375 0.6340277777777779 0.38906250000000003 0.7097222222222223
2 0.272265625 0.3458333333333333 0.08046875 0.08333333333333334
