1 0.563671875 0.20694444444444446 0.20234375000000002 0.4138888888888889
3 0.346484375 0.008333333333333333 0.11640625 0.016666666666666666
2 0.2015625 0.5722222222222223 0.1203125 0.20833333333333334
0 0.34492187500000004 0.42083333333333334 0.06640625 0.09722222222222222
0 0.28828125 0.18611111111111112 0.059375000000000004 0.08333333333333334
0 0.13671875 0.25625000000000003 0.07187500000000001 0.08750000000000001
0 0.128515625 0.22569444444444445 0.07578125000000001 0.09027777777777778
0 0.115234375 0.33194444444444443 0.07734375 0.09166666666666667
0 0.105859375 0.3013888888888889 0.08046875 0.09444444444444444
3 0.098046875 0.8763888888888889 0.19609375 0.24722222222222223
3 0.047265625000000006 0.12152777777777778 0.09453125000000001 0.24305555555555555
2 0.37343750000000003 0.07569444444444445 0.084375 0.1486111111111111
