1 0.20429687500000002 0.34305555555555556 0.28515625 0.5666666666666667
3 0.91171875 0.6416666666666667 0.1765625 0.7027777777777778
2 0.405078125 0.3611111111111111 0.08203125 0.09444444444444444
0 0.366796875 0.41250000000000003 0.07421875 0.07222222222222223
0 0.5671875000000001 0.45555555555555555 0.09531250000000001 0.09444444444444444
0 0.61875 0.40347222222222223 0.07500000000000001 0.06805555555555556
0 0.620703125 0.35555555555555557 0.07578125000000001 0.0638888888888889
0 0.5765625 0.3888888888888889 0.06875 0.061111111111111116
0 0.578125 0.3451388888888889 0.06875 0.05694444444444444
3 0.35859375000000004 0.3076388888888889 0.06875 0.12916666666666668
3 0.8089843750000001 0.3506944444444445 0.17421875 0.19861111111111113
2 0.5964843750000001 0.5215277777777778 0.16171875000000002 0.24027777777777778
