1 0.596875 0.3027777777777778 0.14375000000000002 0.35555555555555557
3 0.48554687500000004 0.3027777777777778 0.09921875000000001 0.11944444444444445
2 0.172265625 0.4048611111111111 0.11796875000000001 0.12083333333333333
0 0.3453125 0.41458333333333336 0.07500000000000001 0.07361111111111111
0 0.369921875 0.36875 0.057031250000000006 0.051388888888888894
0 0.23945312500000002 0.36388888888888893 0.055468750000000004 0.05
0 0.2390625 0.32708333333333334 0.05625 0.04861111111111111
0 0.20234375000000002 0.3729166666666667 0.059375000000000004 0.05416666666666667
0 0.201171875 0.33333333333333337 0.06015625 0.05
3 0.016015625000000002 0.4131944444444445 0.032031250000000004 0.2986111111111111
3 0.20273437500000002 0.30486111111111114 0.08984375 0.12083333333333333
2 0.468359375 0.34861111111111115 0.06640625 0.08055555555555556
