1 0.296875 0.26875 0.146875 0.2625
3 0.0 0.3451388888888889 0.0 0.2125
2 0.4890625 0.4652777777777778 0.15156250000000002 0.19722222222222224
0 0.358984375 0.41944444444444445 0.06171875 0.08333333333333334
0 0.12187500000000001 0.4361111111111111 0.0921875 0.09166666666666667
0 0.06992187500000001 0.5486111111111112 0.13984375000000002 0.16111111111111112
0 0.06875 0.45625000000000004 0.1375 0.14583333333333334
0 0.16015625 0.5694444444444444 0.1421875 0.17500000000000002
0 0.15703125 0.47222222222222227 0.1453125 0.15833333333333333
3 0.8460937500000001 0.4902777777777778 0.30781250000000004 0.4777777777777778
2 0.08046875 0.37986111111111115 0.09531250000000001 0.11805555555555557
