1 0.144921875 0.33263888888888893 0.20078125000000002 0.5097222222222222
3 0.81953125 0.6534722222222222 0.3609375 0.6930555555555555
2 0.45039062500000004 0.3666666666666667 0.09140625000000001 0.09722222222222222
0 0.37031250000000004 0.41250000000000003 0.06875 0.06666666666666667
0 0.53125 0.4798611111111111 0.10625000000000001 0.09861111111111112
0 0.66015625 0.4326388888888889 0.09531250000000001 0.0763888888888889
0 0.6628906250000001 0.37777777777777777 0.09609375 0.07222222222222223
0 0.6257812500000001 0.41250000000000003 0.08281250000000001 0.06666666666666667
0 0.628125 0.3625 0.084375 0.0638888888888889
3 0.4375 0.3104166666666667 0.0859375 0.13194444444444445
3 0.9144531250000001 0.3979166666666667 0.17109375000000002 0.2763888888888889
2 0.46210937500000004 0.5520833333333334 0.20390625 0.26805555555555555
