1 0.361328125 0.33055555555555555 0.39140625 0.6611111111111111
3 0.948828125 0.45208333333333334 0.10234375000000001 0.4152777777777778
2 0.33437500000000003 0.3541666666666667 0.06875 0.09722222222222222
0 0.359375 0.4118055555555556 0.07500000000000001 0.08194444444444444
0 0.586328125 0.42083333333333334 0.06796875000000001 0.08611111111111111
0 0.55 0.3715277777777778 0.053125000000000006 0.059722222222222225
0 0.5515625000000001 0.3284722222222222 0.053125000000000006 0.05694444444444444
0 0.5007812500000001 0.36458333333333337 0.051562500000000004 0.05694444444444444
0 0.501953125 0.3229166666666667 0.05234375 0.05416666666666667
3 0.24140625000000002 0.30486111111111114 0.07968750000000001 0.14305555555555557
3 0.6609375000000001 0.3111111111111111 0.1390625 0.15555555555555556
2 0.7367187500000001 0.4618055555555556 0.18125000000000002 0.19583333333333333
