1 0.11015625000000001 0.24791666666666667 0.22031250000000002 0.49583333333333335
2 0.5574218750000001 0.43819444444444444 0.12890625 0.22083333333333335
0 0.37148437500000003 0.4236111111111111 0.08203125 0.1527777777777778
0 0.269140625 0.7944444444444445 0.10078125 0.2
0 0.50625 0.9333333333333333 0.11875000000000001 0.13333333333333333
0 0.515234375 0.9263888888888889 0.12734375 0.14722222222222223
0 0.568359375 0.8784722222222222 0.11796875000000001 0.2125
0 0.5808593750000001 0.8645833333333334 0.12578125 0.22361111111111112
3 0.747265625 0.2520833333333333 0.23359375000000002 0.27083333333333337
2 0.080078125 0.7958333333333334 0.16015625 0.27222222222222225
