1 0.113671875 0.28958333333333336 0.20078125000000002 0.3652777777777778
2 0.547265625 0.3965277777777778 0.10390625 0.12638888888888888
0 0.369921875 0.4166666666666667 0.08046875 0.08055555555555556
0 0.287890625 0.5159722222222223 0.11953125 0.1375
0 0.598046875 0.5604166666666667 0.14921875 0.16805555555555557
0 0.6015625 0.4673611111111111 0.15156250000000002 0.1513888888888889
0 0.64453125 0.5215277777777778 0.134375 0.14305555555555557
0 0.6488281250000001 0.4395833333333333 0.13671875 0.12916666666666668
3 0.6664062500000001 0.33125 0.16562500000000002 0.17916666666666667
3 0.8816406250000001 0.64375 0.23671875 0.7125
2 0.073046875 0.5048611111111111 0.14609375 0.2263888888888889
