1 0.6218750000000001 0.2777777777777778 0.20625000000000002 0.46944444444444444
3 0.47109375000000003 0.004861111111111111 0.1328125 0.009722222222222222
2 0.166796875 0.4840277777777778 0.12109375 0.16805555555555557
0 0.34414062500000003 0.4152777777777778 0.07890625000000001 0.1277777777777778
0 0.34453125 0.15486111111111112 0.065625 0.10416666666666667
0 0.1875 0.15694444444444444 0.07187500000000001 0.10555555555555556
0 0.18125000000000002 0.12222222222222223 0.07500000000000001 0.10833333333333334
0 0.15195312500000002 0.21736111111111112 0.07734375 0.10972222222222222
0 0.144140625 0.1840277777777778 0.08046875 0.11527777777777778
3 0.04296875 0.7916666666666667 0.0859375 0.41111111111111115
3 0.10234375000000001 0.04513888888888889 0.153125 0.09027777777777778
2 0.455859375 0.07916666666666666 0.08359375000000001 0.13333333333333333
