1 0.603125 0.3013888888888889 0.14375000000000002 0.3666666666666667
3 0.495703125 0.30347222222222225 0.10078125 0.12083333333333333
2 0.17148437500000002 0.4027777777777778 0.11953125 0.12222222222222223
0 0.3453125 0.4152777777777778 0.0765625 0.075
0 0.37539062500000003 0.3680555555555556 0.057031250000000006 0.05277777777777778
0 0.244921875 0.3625 0.055468750000000004 0.05
0 0.244140625 0.32569444444444445 0.055468750000000004 0.04861111111111111
0 0.20664062500000002 0.3715277777777778 0.05859375 0.05416666666666667
0 0.205859375 0.33125 0.05859375 0.051388888888888894
3 0.014843750000000001 0.4083333333333333 0.029687500000000002 0.29444444444444445
3 0.2109375 0.30347222222222225 0.0890625 0.12083333333333333
2 0.475390625 0.34861111111111115 0.06796875000000001 0.08055555555555556
