1 0.62265625 0.30625 0.2828125 0.6125
3 0.7371093750000001 0.3194444444444445 0.15546875000000002 0.17500000000000002
2 0.21445312500000002 0.3701388888888889 0.10078125 0.11527777777777778
0 0.34882812500000004 0.41250000000000003 0.06328125 0.08333333333333334
0 0.487890625 0.37569444444444444 0.06171875 0.0625
0 0.377734375 0.3506944444444445 0.04453125 0.051388888888888894
0 0.377734375 0.31180555555555556 0.04453125 0.04861111111111111
0 0.331640625 0.35208333333333336 0.041406250000000006 0.051388888888888894
0 0.33125000000000004 0.31319444444444444 0.0421875 0.04861111111111111
3 0.048828125 0.3340277777777778 0.09765625 0.2013888888888889
3 0.3984375 0.29097222222222224 0.09531250000000001 0.12083333333333333
2 0.6273437500000001 0.3736111111111111 0.11875000000000001 0.11944444444444445
