1 0.45546875000000003 0.3229166666666667 0.3640625 0.6236111111111111
3 0.917578125 0.4027777777777778 0.16484375 0.3138888888888889
2 0.30859375 0.35694444444444445 0.060937500000000006 0.09444444444444444
0 0.35664062500000004 0.4118055555555556 0.06640625 0.07916666666666666
0 0.5652343750000001 0.4076388888888889 0.05234375 0.0763888888888889
0 0.509765625 0.3652777777777778 0.04296875 0.05555555555555556
0 0.5105468750000001 0.32430555555555557 0.04296875 0.051388888888888894
0 0.46210937500000004 0.3597222222222222 0.04296875 0.05277777777777778
0 0.462890625 0.32083333333333336 0.04296875 0.05
3 0.19765625 0.3104166666666667 0.09375 0.1486111111111111
3 0.5945312500000001 0.30625 0.12187500000000001 0.14027777777777778
2 0.7152343750000001 0.4354166666666667 0.16484375 0.1625
