1 0.20273437500000002 0.34097222222222223 0.28984375 0.5791666666666667
3 0.9167968750000001 0.6430555555555556 0.16640625 0.7138888888888889
2 0.405078125 0.36041666666666666 0.08203125 0.09305555555555556
0 0.366796875 0.41250000000000003 0.07578125000000001 0.07222222222222223
0 0.5703125 0.45555555555555555 0.096875 0.09444444444444444
0 0.620703125 0.40347222222222223 0.07578125000000001 0.06805555555555556
0 0.62265625 0.35555555555555557 0.0765625 0.0638888888888889
0 0.578125 0.3888888888888889 0.06875 0.061111111111111116
0 0.579296875 0.34444444444444444 0.06953125 0.058333333333333334
3 0.35781250000000003 0.30694444444444446 0.06875 0.1277777777777778
3 0.8128906250000001 0.35000000000000003 0.17734375000000002 0.2
2 0.6019531250000001 0.5229166666666667 0.16328125000000002 0.24583333333333335
