1 0.1765625 0.2715277777777778 0.1921875 0.3263888888888889
2 0.56796875 0.4277777777777778 0.15156250000000002 0.16944444444444445
0 0.369140625 0.41875 0.07265625 0.08750000000000001
0 0.15937500000000002 0.4951388888888889 0.07968750000000001 0.13472222222222222
0 0.38046875 0.6222222222222222 0.1484375 0.225
0 0.380859375 0.5069444444444444 0.15078125 0.2
0 0.50703125 0.5958333333333333 0.15937500000000002 0.20555555555555557
0 0.51015625 0.4881944444444445 0.1625 0.18194444444444446
3 0.8226562500000001 0.3652777777777778 0.2578125 0.25833333333333336
3 0.5 0.6368055555555556 1.0 0.7263888888888889
2 0.032031250000000004 0.44583333333333336 0.06406250000000001 0.18888888888888888
