1 0.16875 0.33611111111111114 0.2515625 0.5555555555555556
3 0.887890625 0.6472222222222223 0.22421875000000002 0.7055555555555556
2 0.42812500000000003 0.36319444444444443 0.08750000000000001 0.09583333333333334
0 0.369140625 0.4118055555555556 0.07421875 0.07083333333333333
0 0.5578125 0.46875 0.1046875 0.09861111111111112
0 0.64453125 0.4166666666666667 0.0859375 0.07222222222222223
0 0.6472656250000001 0.3652777777777778 0.08671875000000001 0.06944444444444445
0 0.6046875 0.3993055555555556 0.0765625 0.06527777777777778
0 0.606640625 0.3527777777777778 0.07734375 0.061111111111111116
3 0.397265625 0.30833333333333335 0.07734375 0.13055555555555556
3 0.87890625 0.36944444444444446 0.2015625 0.23333333333333334
2 0.543359375 0.5416666666666667 0.19296875000000002 0.2638888888888889
