1 0.27968750000000003 0.10486111111111111 0.20468750000000002 0.20972222222222223
2 0.47109375000000003 0.7229166666666667 0.134375 0.27361111111111114
0 0.35976562500000003 0.4361111111111111 0.06640625 0.15555555555555556
0 0.123046875 0.5 0.09140625000000001 0.1638888888888889
0 0.115234375 0.8993055555555556 0.11328125 0.2013888888888889
0 0.1 0.8895833333333334 0.12187500000000001 0.22083333333333335
0 0.1953125 0.9284722222222223 0.10625000000000001 0.14305555555555557
0 0.18476562500000002 0.920138888888889 0.11484375000000001 0.15972222222222224
3 0.80859375 0.8520833333333334 0.3828125 0.29583333333333334
2 0.058203125 0.29444444444444445 0.10703125000000001 0.20833333333333334
