1 0.6082031250000001 0.30833333333333335 0.15078125 0.45
3 0.5921875 0.30694444444444446 0.1171875 0.13333333333333333
2 0.18515625000000002 0.3875 0.11406250000000001 0.11944444444444445
0 0.345703125 0.4138888888888889 0.07265625 0.07777777777777778
0 0.424609375 0.3701388888888889 0.05859375 0.05694444444444444
0 0.30390625000000004 0.35555555555555557 0.05 0.05
0 0.30312500000000003 0.3194444444444445 0.05 0.04722222222222222
0 0.26210937500000003 0.36041666666666666 0.05078125 0.051388888888888894
0 0.261328125 0.3229166666666667 0.05078125 0.04861111111111111
3 0.025781250000000002 0.36458333333333337 0.051562500000000004 0.22916666666666669
3 0.29375 0.29583333333333334 0.0859375 0.11388888888888889
2 0.538671875 0.3576388888888889 0.08515625 0.09305555555555556
