1 0.521484375 0.2798611111111111 0.16796875 0.3013888888888889
3 0.30546875 0.2965277777777778 0.0921875 0.12083333333333333
2 0.190234375 0.44722222222222224 0.14296875 0.17500000000000002
0 0.34765625 0.4166666666666667 0.0703125 0.07222222222222223
0 0.267578125 0.37222222222222223 0.055468750000000004 0.05277777777777778
0 0.109375 0.39166666666666666 0.07500000000000001 0.061111111111111116
0 0.107421875 0.34444444444444444 0.07578125000000001 0.058333333333333334
0 0.08164062500000001 0.40902777777777777 0.08515625 0.06805555555555556
0 0.07968750000000001 0.35694444444444445 0.0859375 0.0638888888888889
3 0.08984375 0.5958333333333333 0.1796875 0.6611111111111111
3 0.032421875 0.32916666666666666 0.06484375 0.17500000000000002
2 0.340625 0.3402777777777778 0.0765625 0.08055555555555556
