1 0.146484375 0.6458333333333334 0.27734375 0.5611111111111111
2 0.44960937500000003 0.20833333333333334 0.10390625 0.18611111111111112
0 0.36953125000000003 0.40208333333333335 0.0734375 0.1125
0 0.5222656250000001 0.6652777777777779 0.09453125000000001 0.13333333333333333
0 0.6472656250000001 0.4604166666666667 0.09296875 0.11805555555555557
0 0.659765625 0.43194444444444446 0.09765625 0.12222222222222223
0 0.622265625 0.36875 0.08671875000000001 0.10972222222222222
0 0.6328125 0.3388888888888889 0.09062500000000001 0.11388888888888889
3 0.434375 0.052083333333333336 0.109375 0.10416666666666667
3 0.8972656250000001 0.4979166666666667 0.20546875 0.3763888888888889
2 0.46914062500000003 0.9006944444444445 0.16015625 0.19861111111111113
