1 0.20390625 0.26666666666666666 0.184375 0.3138888888888889
2 0.565625 0.44027777777777777 0.16718750000000002 0.18611111111111112
0 0.36796875 0.41875 0.065625 0.08750000000000001
0 0.12382812500000001 0.48194444444444445 0.08515625 0.125
0 0.275390625 0.625 0.11484375000000001 0.22777777777777777
0 0.2734375 0.5076388888888889 0.1171875 0.2013888888888889
0 0.42031250000000003 0.6125 0.1390625 0.21666666666666667
0 0.421484375 0.4979166666666667 0.14140625 0.19305555555555556
3 0.865234375 0.38819444444444445 0.26953125 0.30972222222222223
2 0.029296875 0.425 0.05859375 0.17222222222222222
