1 0.321875 0.26666666666666666 0.146875 0.2555555555555556
3 0.0027343750000000003 0.33194444444444443 0.0054687500000000005 0.18888888888888888
2 0.45546875000000003 0.47222222222222227 0.13593750000000002 0.2
0 0.357421875 0.4201388888888889 0.07109375 0.08472222222222223
0 0.126953125 0.42430555555555555 0.09140625000000001 0.08750000000000001
0 0.05078125 0.5263888888888889 0.1015625 0.15
0 0.049218750000000006 0.44027777777777777 0.09843750000000001 0.13611111111111113
0 0.098828125 0.5534722222222223 0.15390625000000002 0.16805555555555557
0 0.094921875 0.4604166666666667 0.15703125 0.1513888888888889
3 0.82734375 0.5423611111111112 0.3453125 0.5819444444444445
2 0.10820312500000001 0.36875 0.09609375 0.10694444444444445
