1 0.45 0.32222222222222224 0.3875 0.6444444444444445
3 0.927734375 0.4083333333333333 0.14453125 0.33333333333333337
2 0.31015625 0.35555555555555557 0.0625 0.09722222222222222
0 0.35664062500000004 0.41111111111111115 0.06953125 0.08055555555555556
0 0.57265625 0.40902777777777777 0.0546875 0.07916666666666666
0 0.516796875 0.36458333333333337 0.04453125 0.05694444444444444
0 0.517578125 0.3236111111111111 0.04453125 0.05277777777777778
0 0.468359375 0.3590277777777778 0.04453125 0.05416666666666667
0 0.46875 0.3194444444444445 0.045312500000000006 0.05
3 0.2 0.30833333333333335 0.09375 0.15
3 0.605078125 0.3055555555555556 0.12578125 0.14444444444444446
2 0.7292968750000001 0.43819444444444444 0.17421875 0.17083333333333334
