1 0.44257812500000004 0.27708333333333335 0.15390625000000002 0.2652777777777778
3 0.182421875 0.3041666666666667 0.09296875 0.1277777777777778
2 0.2703125 0.46944444444444444 0.15937500000000002 0.19444444444444445
0 0.3515625 0.41875 0.07968750000000001 0.0763888888888889
0 0.20859375000000002 0.3861111111111111 0.065625 0.061111111111111116
0 0.053515625000000004 0.42847222222222225 0.08359375000000001 0.08194444444444444
0 0.050390625 0.3729166666666667 0.08359375000000001 0.0763888888888889
0 0.048828125 0.4527777777777778 0.09296875 0.09444444444444444
0 0.046484375 0.38958333333333334 0.09296875 0.08750000000000001
3 0.31367187500000004 0.638888888888889 0.34296875000000004 0.7222222222222222
2 0.252734375 0.34652777777777777 0.08203125 0.08472222222222223
