1 0.544921875 0.33055555555555555 0.31796875 0.5722222222222223
3 0.821484375 0.3527777777777778 0.18671875000000002 0.2111111111111111
2 0.26640625 0.36458333333333337 0.07500000000000001 0.09861111111111112
0 0.3515625 0.4118055555555556 0.046875 0.07361111111111111
0 0.52265625 0.3902777777777778 0.051562500000000004 0.0638888888888889
0 0.440234375 0.3576388888888889 0.03515625 0.04861111111111111
0 0.44062500000000004 0.32083333333333336 0.034375 0.04722222222222222
0 0.3953125 0.35625 0.03125 0.04861111111111111
0 0.3953125 0.3201388888888889 0.03125 0.04583333333333334
3 0.11796875000000001 0.32430555555555557 0.1234375 0.1625
3 0.487109375 0.30069444444444443 0.10078125 0.12361111111111112
2 0.66015625 0.40069444444444446 0.1328125 0.12916666666666668
