1 0.6097656250000001 0.30694444444444446 0.13359375 0.3944444444444445
3 0.534375 0.30486111111111114 0.10625000000000001 0.12361111111111112
2 0.17695312500000002 0.39583333333333337 0.11640625 0.11944444444444445
0 0.34492187500000004 0.41458333333333336 0.07421875 0.0763888888888889
0 0.39609375 0.36875 0.0578125 0.05416666666666667
0 0.2703125 0.3597222222222222 0.053125000000000006 0.05
0 0.26953125 0.3236111111111111 0.053125000000000006 0.04722222222222222
0 0.23125 0.3666666666666667 0.0546875 0.05277777777777778
0 0.23007812500000002 0.3277777777777778 0.055468750000000004 0.05
3 0.01953125 0.3875 0.0390625 0.25833333333333336
3 0.246484375 0.3 0.08515625 0.11666666666666667
2 0.5 0.3527777777777778 0.07187500000000001 0.08611111111111111
