1 0.1640625 0.33333333333333337 0.2578125 0.5722222222222223
3 0.8953125000000001 0.6451388888888889 0.209375 0.7097222222222223
2 0.429296875 0.3625 0.08828125 0.09722222222222222
0 0.36953125000000003 0.41250000000000003 0.07500000000000001 0.07222222222222223
0 0.5613281250000001 0.46944444444444444 0.10703125000000001 0.1
0 0.6492187500000001 0.4173611111111111 0.08750000000000001 0.07361111111111111
0 0.651953125 0.36388888888888893 0.08828125 0.06944444444444445
0 0.60859375 0.3993055555555556 0.078125 0.06527777777777778
0 0.610546875 0.3513888888888889 0.07890625000000001 0.061111111111111116
3 0.39765625000000004 0.30625 0.078125 0.13194444444444445
3 0.88828125 0.36944444444444446 0.2078125 0.23611111111111113
2 0.5476562500000001 0.5465277777777778 0.19843750000000002 0.27361111111111114
