1 0.12578125 0.32569444444444445 0.1546875 0.47361111111111115
3 0.5578125 0.65625 0.5921875 0.6875
2 0.471484375 0.3701388888888889 0.09453125000000001 0.09861111111111112
0 0.370703125 0.4131944444444445 0.06484375 0.06527777777777778
0 0.499609375 0.49097222222222225 0.10234375000000001 0.09861111111111112
0 0.671875 0.4513888888888889 0.10312500000000001 0.08055555555555556
0 0.675 0.3909722222222222 0.1046875 0.0763888888888889
0 0.64453125 0.42708333333333337 0.09062500000000001 0.07083333333333333
0 0.6468750000000001 0.3729166666666667 0.09062500000000001 0.06805555555555556
3 0.47695312500000003 0.3125 0.09609375 0.13611111111111113
3 0.94140625 0.4326388888888889 0.1171875 0.3375
2 0.3765625 0.55625 0.2015625 0.26805555555555555
