1 0.287890625 0.33055555555555555 0.35859375000000004 0.6611111111111111
3 0.95078125 0.5041666666666667 0.09843750000000001 0.49722222222222223
2 0.358984375 0.35625 0.07421875 0.09583333333333334
0 0.362109375 0.4118055555555556 0.07734375 0.07916666666666666
0 0.5875 0.4326388888888889 0.07968750000000001 0.09027777777777778
0 0.5769531250000001 0.38125000000000003 0.06015625 0.0625
0 0.5789062500000001 0.33611111111111114 0.060937500000000006 0.058333333333333334
0 0.529296875 0.37083333333333335 0.057031250000000006 0.058333333333333334
0 0.53046875 0.32916666666666666 0.0578125 0.05555555555555556
3 0.28359375000000003 0.3041666666666667 0.0671875 0.13611111111111113
3 0.712109375 0.32222222222222224 0.15078125 0.16666666666666669
2 0.7125 0.48541666666666666 0.16562500000000002 0.2152777777777778
