1 0.27578125000000003 0.7645833333333334 0.328125 0.4708333333333333
3 0.8734375000000001 0.888888888888889 0.253125 0.22222222222222224
2 0.37031250000000004 0.1701388888888889 0.0859375 0.17916666666666667
0 0.36328125 0.39513888888888893 0.0765625 0.14027777777777778
0 0.567578125 0.50625 0.08671875000000001 0.1513888888888889
0 0.59609375 0.2604166666666667 0.07500000000000001 0.12361111111111112
0 0.6046875 0.22847222222222224 0.078125 0.12916666666666668
0 0.552734375 0.20277777777777778 0.07109375 0.11944444444444445
0 0.5593750000000001 0.16944444444444445 0.0734375 0.12222222222222223
3 0.284765625 0.04652777777777778 0.08515625 0.09305555555555556
3 0.775390625 0.1513888888888889 0.19140625 0.2888888888888889
2 0.616796875 0.7743055555555556 0.12578125 0.27083333333333337
