1 0.541015625 0.7256944444444444 0.34140625 0.48750000000000004
3 0.872265625 0.3597222222222222 0.25546875 0.3611111111111111
2 0.2609375 0.20277777777777778 0.0890625 0.18888888888888888
0 0.35273437500000004 0.3944444444444445 0.05078125 0.13333333333333333
0 0.539453125 0.2965277777777778 0.05234375 0.12361111111111112
0 0.463671875 0.09791666666666667 0.039843750000000004 0.10416666666666667
0 0.467578125 0.0625 0.041406250000000006 0.10833333333333334
0 0.41132812500000004 0.08611111111111111 0.039843750000000004 0.10277777777777779
0 0.41328125000000004 0.051388888888888894 0.040625 0.10277777777777779
3 0.084375 0.12291666666666667 0.16875 0.24583333333333335
3 0.54296875 0.01875 0.146875 0.0375
2 0.669921875 0.43680555555555556 0.14296875 0.22361111111111112
