1 0.568359375 0.6625 0.31953125000000004 0.5111111111111112
3 0.8109375000000001 0.2451388888888889 0.2171875 0.3125
2 0.2390625 0.23402777777777778 0.09843750000000001 0.19305555555555556
0 0.3515625 0.39583333333333337 0.046875 0.1277777777777778
0 0.51328125 0.2604166666666667 0.05625 0.11527777777777778
0 0.42226562500000003 0.08819444444444445 0.04296875 0.09861111111111112
0 0.424609375 0.05416666666666667 0.04453125 0.10277777777777779
0 0.371875 0.08680555555555555 0.0390625 0.09861111111111112
0 0.37226562500000004 0.05347222222222223 0.039843750000000004 0.10138888888888889
3 0.0703125 0.16666666666666669 0.140625 0.2972222222222222
3 0.47578125000000004 0.00625 0.13125 0.0125
2 0.644140625 0.36041666666666666 0.13359375 0.2125
