1 0.603125 0.6097222222222223 0.3125 0.5527777777777778
3 0.767578125 0.14166666666666666 0.19140625 0.2833333333333333
2 0.21406250000000002 0.2625 0.11093750000000001 0.20277777777777778
0 0.349609375 0.39861111111111114 0.05859375 0.1388888888888889
0 0.49257812500000003 0.22291666666666668 0.06171875 0.12083333333333333
0 0.3828125 0.07361111111111111 0.0484375 0.10555555555555556
0 0.38359375 0.04583333333333334 0.05 0.09166666666666667
0 0.33125000000000004 0.08333333333333334 0.046875 0.10555555555555556
0 0.33046875000000003 0.051388888888888894 0.0484375 0.10277777777777779
3 0.052734375 0.23819444444444446 0.10546875 0.3013888888888889
3 0.4140625 0.0 0.12187500000000001 0.0
2 0.628125 0.2888888888888889 0.1296875 0.20833333333333334
