1 0.6214843750000001 0.3055555555555556 0.21640625000000002 0.5361111111111111
3 0.6644531250000001 0.3125 0.13515625 0.1527777777777778
2 0.19765625 0.3784722222222222 0.109375 0.11805555555555557
0 0.347265625 0.4131944444444445 0.06953125 0.08194444444444444
0 0.4578125 0.37222222222222223 0.060937500000000006 0.061111111111111116
0 0.34140625 0.35208333333333336 0.046875 0.051388888888888894
0 0.34140625 0.3145833333333333 0.046875 0.04861111111111111
0 0.29726562500000003 0.35555555555555557 0.04609375 0.05277777777777778
0 0.296875 0.31736111111111115 0.046875 0.04861111111111111
3 0.035546875 0.3472222222222222 0.07109375 0.21666666666666667
3 0.347265625 0.2923611111111111 0.08984375 0.11805555555555557
2 0.58515625 0.36458333333333337 0.1015625 0.10694444444444445
