1 0.491015625 0.27708333333333335 0.16484375 0.28750000000000003
3 0.25546875 0.2986111111111111 0.0921875 0.12222222222222223
2 0.21445312500000002 0.45972222222222225 0.15859375 0.18888888888888888
0 0.3484375 0.41805555555555557 0.0765625 0.075
0 0.242578125 0.3763888888888889 0.057031250000000006 0.05555555555555556
0 0.079296875 0.4048611111111111 0.07890625000000001 0.06805555555555556
0 0.0765625 0.35347222222222224 0.07968750000000001 0.06527777777777778
0 0.058203125 0.425 0.08984375 0.07777777777777778
0 0.055468750000000004 0.36875 0.09062500000000001 0.07361111111111111
3 0.14453125 0.6340277777777779 0.2890625 0.7319444444444445
3 0.00625 0.3423611111111111 0.0125 0.19861111111111113
2 0.30390625000000004 0.3416666666666667 0.07968750000000001 0.08333333333333334
