1 0.237109375 0.2673611111111111 0.16953125000000002 0.2902777777777778
2 0.54453125 0.45 0.16875 0.19166666666666668
0 0.36562500000000003 0.41944444444444445 0.053125000000000006 0.08333333333333334
0 0.1171875 0.4638888888888889 0.09062500000000001 0.10833333333333334
0 0.17500000000000002 0.5993055555555555 0.1265625 0.19583333333333333
0 0.17109375000000002 0.49097222222222225 0.1296875 0.1763888888888889
0 0.31562500000000004 0.6013888888888889 0.10312500000000001 0.19722222222222224
0 0.314453125 0.4916666666666667 0.10546875 0.17777777777777778
3 0.8703125 0.41805555555555557 0.259375 0.35555555555555557
2 0.037500000000000006 0.40625 0.07500000000000001 0.1486111111111111
