1 0.3375 0.7909722222222223 0.3359375 0.41805555555555557
3 0.890234375 0.8020833333333334 0.21953125 0.39583333333333337
2 0.34023437500000003 0.1638888888888889 0.07890625000000001 0.17500000000000002
0 0.3609375 0.3944444444444445 0.07500000000000001 0.14722222222222223
0 0.574609375 0.45 0.08046875 0.1527777777777778
0 0.572265625 0.20277777777777778 0.06796875000000001 0.125
0 0.580078125 0.16805555555555557 0.07109375 0.1277777777777778
0 0.523828125 0.15555555555555556 0.06484375 0.11944444444444445
0 0.5300781250000001 0.12083333333333333 0.06796875000000001 0.12222222222222223
3 0.23007812500000002 0.05555555555555556 0.10859375 0.11111111111111112
3 0.7289062500000001 0.10347222222222223 0.1859375 0.20694444444444446
2 0.661328125 0.6993055555555556 0.12734375 0.2513888888888889
