1 0.5796875 0.28402777777777777 0.17343750000000002 0.34305555555555556
3 0.404296875 0.29583333333333334 0.09609375 0.11944444444444445
2 0.15390625000000002 0.42291666666666666 0.12812500000000002 0.1486111111111111
0 0.343359375 0.41597222222222224 0.07890625000000001 0.0763888888888889
0 0.32148437500000004 0.3666666666666667 0.05859375 0.05277777777777778
0 0.172265625 0.37222222222222223 0.06640625 0.05555555555555556
0 0.17109375000000002 0.32916666666666666 0.0671875 0.05277777777777778
0 0.13593750000000002 0.38472222222222224 0.0734375 0.061111111111111116
0 0.134375 0.3388888888888889 0.07500000000000001 0.058333333333333334
3 0.008984375000000001 0.4902777777777778 0.017968750000000002 0.46944444444444444
3 0.10117187500000001 0.30972222222222223 0.11953125 0.14444444444444446
2 0.41250000000000003 0.3402777777777778 0.0734375 0.08055555555555556
