1 0.36171875000000003 0.10138888888888889 0.19843750000000002 0.20277777777777778
3 0.02109375 0.11458333333333334 0.0421875 0.22916666666666669
2 0.3828125 0.7506944444444444 0.1125 0.2652777777777778
0 0.355078125 0.4361111111111111 0.07890625000000001 0.15555555555555556
0 0.143359375 0.3819444444444445 0.08984375 0.15
0 0.06015625 0.7138888888888889 0.115625 0.19166666666666668
0 0.052734375 0.6923611111111111 0.10546875 0.2013888888888889
0 0.10820312500000001 0.8090277777777778 0.11640625 0.20416666666666666
0 0.094140625 0.7909722222222223 0.12421875 0.2152777777777778
3 0.6585937500000001 0.9590277777777778 0.3328125 0.08194444444444444
2 0.1296875 0.18055555555555555 0.1078125 0.18333333333333335
