1 0.61484375 0.30486111111111114 0.1390625 0.40972222222222227
3 0.5453125 0.30486111111111114 0.109375 0.12638888888888888
2 0.1765625 0.3944444444444445 0.11875000000000001 0.12222222222222223
0 0.345703125 0.41458333333333336 0.07578125000000001 0.0763888888888889
0 0.401171875 0.36875 0.05859375 0.05416666666666667
0 0.275390625 0.35833333333333334 0.05234375 0.05
0 0.275 0.32222222222222224 0.053125000000000006 0.04722222222222222
0 0.23515625 0.3652777777777778 0.0546875 0.05277777777777778
0 0.234375 0.3263888888888889 0.0546875 0.05
3 0.018750000000000003 0.3826388888888889 0.037500000000000006 0.2569444444444445
3 0.253515625 0.2986111111111111 0.08515625 0.11666666666666667
2 0.5078125 0.3527777777777778 0.07500000000000001 0.08888888888888889
