1 0.412890625 0.2791666666666667 0.14609375 0.25
3 0.13984375000000002 0.3104166666666667 0.0921875 0.13194444444444445
2 0.309375 0.4701388888888889 0.1453125 0.1902777777777778
0 0.35273437500000004 0.41875 0.07734375 0.0763888888888889
0 0.193359375 0.39305555555555555 0.06953125 0.0638888888888889
0 0.05 0.4451388888888889 0.09375 0.09027777777777778
0 0.047265625000000006 0.3861111111111111 0.09453125000000001 0.08333333333333334
0 0.058984375000000006 0.46944444444444444 0.10390625 0.10277777777777779
0 0.05625 0.4048611111111111 0.1046875 0.09583333333333334
3 0.5390625 0.5979166666666667 0.32656250000000003 0.6236111111111111
2 0.22421875000000002 0.3513888888888889 0.08281250000000001 0.08611111111111111
