1 0.087890625 0.42708333333333337 0.17578125 0.5291666666666667
2 0.5265625 0.30347222222222225 0.11406250000000001 0.16805555555555557
0 0.371875 0.4131944444444445 0.078125 0.12361111111111112
0 0.40468750000000003 0.7993055555555556 0.096875 0.15972222222222224
0 0.63046875 0.7527777777777778 0.1015625 0.15555555555555556
0 0.6449218750000001 0.7333333333333334 0.10703125000000001 0.1638888888888889
0 0.64453125 0.6319444444444444 0.09531250000000001 0.14444444444444446
0 0.6589843750000001 0.6083333333333334 0.10078125 0.15
3 0.6078125000000001 0.10347222222222223 0.17343750000000002 0.20694444444444446
3 0.873046875 0.9361111111111111 0.25390625 0.1277777777777778
2 0.229296875 0.9305555555555556 0.14453125 0.1388888888888889
