1 0.6312500000000001 0.5472222222222223 0.296875 0.5833333333333334
3 0.7253906250000001 0.09027777777777778 0.18046875 0.18055555555555555
2 0.189453125 0.29375 0.12421875 0.2125
0 0.346484375 0.40069444444444446 0.06953125 0.1486111111111111
0 0.468359375 0.18888888888888888 0.06796875000000001 0.125
0 0.340625 0.0625 0.0546875 0.11111111111111112
0 0.34023437500000003 0.04166666666666667 0.057031250000000006 0.08333333333333334
0 0.290234375 0.08333333333333334 0.055468750000000004 0.11388888888888889
0 0.28750000000000003 0.05277777777777778 0.0578125 0.10555555555555556
3 0.035546875 0.32083333333333336 0.07109375 0.3027777777777778
3 0.34765625 0.0 0.1203125 0.0
2 0.606640625 0.22291666666666668 0.12421875 0.2013888888888889
