1 0.10234375000000001 0.29930555555555555 0.20468750000000002 0.5069444444444444
2 0.54609375 0.38958333333333334 0.11093750000000001 0.1902777777777778
0 0.371875 0.4201388888888889 0.08125 0.14305555555555557
0 0.3140625 0.8 0.1 0.18888888888888888
0 0.553125 0.9006944444444445 0.11406250000000001 0.19861111111111113
0 0.5640625 0.8895833333333334 0.12187500000000001 0.2125
0 0.598828125 0.7916666666666667 0.11171875 0.18611111111111112
0 0.6117187500000001 0.7743055555555556 0.11875000000000001 0.19583333333333333
3 0.696875 0.1826388888888889 0.2078125 0.2763888888888889
2 0.11679687500000001 0.8583333333333334 0.17265625 0.24722222222222223
