1 0.16914062500000002 0.16597222222222222 0.24765625000000002 0.33194444444444443
2 0.542578125 0.5916666666666667 0.15546875000000002 0.27222222222222225
0 0.36757812500000003 0.43194444444444446 0.06328125 0.15
0 0.16796875 0.6729166666666667 0.06875 0.17916666666666667
0 0.30312500000000003 0.9631944444444445 0.08281250000000001 0.07361111111111111
0 0.299609375 0.9569444444444445 0.08828125 0.08611111111111111
0 0.398046875 0.951388888888889 0.08828125 0.09722222222222222
0 0.40078125000000003 0.9444444444444445 0.09375 0.11111111111111112
3 0.8265625000000001 0.5618055555555556 0.284375 0.3875
2 0.049609375000000004 0.5319444444444444 0.09921875000000001 0.2638888888888889
