1 0.3203125 0.09444444444444444 0.1953125 0.18888888888888888
3 0.000390625 0.16527777777777777 0.00078125 0.33055555555555555
2 0.429296875 0.7368055555555556 0.10546875 0.24027777777777778
0 0.357421875 0.4361111111111111 0.07265625 0.15555555555555556
0 0.13359375 0.4388888888888889 0.09062500000000001 0.15555555555555556
0 0.08554687500000001 0.8041666666666667 0.11484375000000001 0.20277777777777778
0 0.0703125 0.7868055555555555 0.1234375 0.2125
0 0.14921875 0.8854166666666667 0.1125 0.2125
0 0.13671875 0.8722222222222222 0.1203125 0.225
3 0.736328125 0.9048611111111111 0.36171875000000003 0.1902777777777778
2 0.09609375 0.23402777777777778 0.10625000000000001 0.17916666666666667
