1 0.23789062500000002 0.12152777777777778 0.21953125 0.24305555555555555
2 0.503125 0.6881944444444444 0.15000000000000002 0.2847222222222222
0 0.362109375 0.43472222222222223 0.055468750000000004 0.14722222222222223
0 0.128515625 0.5611111111111111 0.08515625 0.16111111111111112
0 0.16757812500000002 0.9354166666666667 0.09921875000000001 0.12916666666666668
0 0.155078125 0.9270833333333334 0.10703125000000001 0.14583333333333334
0 0.257421875 0.9520833333333334 0.08828125 0.09583333333333334
0 0.25078125 0.945138888888889 0.09375 0.10972222222222222
3 0.827734375 0.7923611111111112 0.34453125 0.4152777777777778
2 0.048046875 0.3666666666666667 0.09609375 0.23055555555555557
