1 0.08867187500000001 0.2951388888888889 0.17734375000000002 0.4291666666666667
3 0.049609375000000004 0.6416666666666667 0.09921875000000001 0.7166666666666667
2 0.526953125 0.3805555555555556 0.10703125000000001 0.11111111111111112
0 0.370703125 0.4152777777777778 0.08046875 0.07777777777777778
0 0.39140625 0.5215277777777778 0.1234375 0.1375
0 0.6921875000000001 0.5152777777777778 0.12812500000000002 0.13333333333333333
0 0.696875 0.43333333333333335 0.13125 0.12222222222222223
0 0.6917968750000001 0.4777777777777778 0.11171875 0.11111111111111112
0 0.6960937500000001 0.40555555555555556 0.11406250000000001 0.10277777777777779
3 0.586328125 0.31736111111111115 0.13359375 0.15972222222222224
3 0.9925781250000001 0.6284722222222222 0.014843750000000001 0.7347222222222223
2 0.12890625 0.55 0.22812500000000002 0.2611111111111111
