1 0.29375 0.33194444444444443 0.353125 0.6472222222222223
3 0.946484375 0.4965277777777778 0.10703125000000001 0.4791666666666667
2 0.35781250000000003 0.35625 0.0734375 0.09583333333333334
0 0.362109375 0.4118055555555556 0.07578125000000001 0.07916666666666666
0 0.58515625 0.43194444444444446 0.078125 0.08888888888888889
0 0.5734375 0.37986111111111115 0.059375000000000004 0.0625
0 0.5750000000000001 0.33611111111111114 0.059375000000000004 0.058333333333333334
0 0.52578125 0.37083333333333335 0.05625 0.058333333333333334
0 0.526953125 0.3298611111111111 0.057031250000000006 0.05416666666666667
3 0.28125 0.3055555555555556 0.0671875 0.13611111111111113
3 0.7054687500000001 0.3215277777777778 0.1484375 0.16527777777777777
2 0.708984375 0.48125 0.16328125000000002 0.20972222222222223
