1 0.370703125 0.325 0.37109375 0.6416666666666667
3 0.937109375 0.4430555555555556 0.12578125 0.3888888888888889
2 0.33203125 0.35555555555555557 0.0671875 0.09444444444444444
0 0.358984375 0.4118055555555556 0.07265625 0.07916666666666666
0 0.579296875 0.41944444444444445 0.06484375 0.08333333333333334
0 0.542578125 0.3715277777777778 0.05078125 0.059722222222222225
0 0.5437500000000001 0.32916666666666666 0.051562500000000004 0.05555555555555556
0 0.49453125000000003 0.36388888888888893 0.05 0.05555555555555556
0 0.49531250000000004 0.32430555555555557 0.05 0.051388888888888894
3 0.238671875 0.30694444444444446 0.08046875 0.14166666666666666
3 0.6492187500000001 0.3125 0.134375 0.1527777777777778
2 0.722265625 0.45763888888888893 0.17109375000000002 0.18472222222222223
