1 0.115234375 0.32083333333333336 0.16328125000000002 0.49722222222222223
3 0.62265625 0.6520833333333333 0.7546875000000001 0.6958333333333334
2 0.474609375 0.36875 0.09765625 0.10138888888888889
0 0.37148437500000003 0.41250000000000003 0.06640625 0.06666666666666667
0 0.50546875 0.49375 0.1078125 0.10138888888888889
0 0.6828125 0.45208333333333334 0.1078125 0.08194444444444444
0 0.6859375000000001 0.3902777777777778 0.109375 0.08055555555555556
0 0.65390625 0.4277777777777778 0.09375 0.07222222222222223
0 0.65625 0.37222222222222223 0.09531250000000001 0.06944444444444445
3 0.479296875 0.3111111111111111 0.09765625 0.1388888888888889
3 0.95078125 0.43472222222222223 0.09843750000000001 0.3527777777777778
2 0.377734375 0.5645833333333333 0.21328125 0.2847222222222222
