1 0.541015625 0.1840277777777778 0.21015625000000002 0.3680555555555556
3 0.2828125 0.009027777777777779 0.1171875 0.018055555555555557
2 0.21601562500000002 0.6222222222222222 0.13359375 0.23611111111111113
0 0.34687500000000004 0.425 0.0671875 0.1
0 0.25859375 0.20069444444444445 0.059375000000000004 0.08472222222222223
0 0.105859375 0.3111111111111111 0.07421875 0.09166666666666667
0 0.09609375 0.2798611111111111 0.078125 0.09583333333333334
0 0.09140625000000001 0.39583333333333337 0.07968750000000001 0.09722222222222222
0 0.08085937500000001 0.36736111111111114 0.08359375000000001 0.10138888888888889
3 0.127734375 0.9256944444444445 0.25546875 0.1486111111111111
3 0.022265625 0.18125 0.04453125 0.30694444444444446
2 0.33125000000000004 0.075 0.0890625 0.15
