1 0.5375 0.27083333333333337 0.18125000000000002 0.325
3 0.3125 0.2923611111111111 0.09531250000000001 0.12361111111111112
2 0.17265625 0.4486111111111111 0.15156250000000002 0.18888888888888888
0 0.346484375 0.4166666666666667 0.07578125000000001 0.075
0 0.26796875000000003 0.36875 0.059375000000000004 0.05416666666666667
0 0.10039062500000001 0.38819444444444445 0.08046875 0.0625
0 0.098046875 0.33819444444444446 0.08046875 0.059722222222222225
0 0.068359375 0.4048611111111111 0.09140625000000001 0.07083333333333333
0 0.065625 0.3506944444444445 0.0921875 0.06805555555555556
3 0.0671875 0.6222222222222222 0.134375 0.7555555555555555
3 0.029687500000000002 0.32222222222222224 0.059375000000000004 0.18055555555555555
2 0.347265625 0.3368055555555556 0.08046875 0.08472222222222223
