1 0.5945312500000001 0.23125 0.20625000000000002 0.4569444444444445
3 0.40859375000000003 0.004166666666666667 0.12187500000000001 0.008333333333333333
2 0.18320312500000002 0.5305555555555556 0.11171875 0.19166666666666668
0 0.34453125 0.41805555555555557 0.0734375 0.11388888888888889
0 0.315234375 0.16805555555555557 0.06328125 0.09444444444444444
0 0.15976562500000002 0.20277777777777778 0.07265625 0.09722222222222222
0 0.152734375 0.17083333333333334 0.07578125000000001 0.1
0 0.13046875 0.27222222222222225 0.078125 0.10277777777777779
0 0.122265625 0.24027777777777778 0.08203125 0.10555555555555556
3 0.06875 0.8375 0.1375 0.325
3 0.067578125 0.08055555555555556 0.13515625 0.16111111111111112
2 0.41445312500000003 0.07361111111111111 0.08359375000000001 0.14166666666666666
