1 0.6273437500000001 0.4708333333333333 0.240625 0.55
3 0.65234375 0.052083333333333336 0.1625 0.10416666666666667
2 0.1796875 0.3423611111111111 0.125 0.20416666666666666
0 0.345703125 0.4048611111111111 0.07421875 0.14583333333333334
0 0.43515625 0.17430555555555557 0.0671875 0.12083333333333333
0 0.298828125 0.08125 0.05859375 0.10972222222222222
0 0.296875 0.051388888888888894 0.060937500000000006 0.10277777777777779
0 0.251953125 0.1125 0.06171875 0.11388888888888889
0 0.2484375 0.07777777777777778 0.06406250000000001 0.11666666666666667
3 0.030468750000000003 0.4305555555555556 0.060937500000000006 0.26944444444444443
3 0.28046875 0.0 0.11406250000000001 0.0
2 0.5652343750000001 0.17569444444444446 0.10859375 0.17916666666666667
