1 0.6117187500000001 0.31180555555555556 0.2625 0.5708333333333333
3 0.718359375 0.32083333333333336 0.14765625000000002 0.16944444444444445
2 0.216796875 0.37222222222222223 0.09921875000000001 0.11388888888888889
0 0.349609375 0.41250000000000003 0.06171875 0.08055555555555556
0 0.48125 0.3763888888888889 0.059375000000000004 0.061111111111111116
0 0.37343750000000003 0.3527777777777778 0.043750000000000004 0.05
0 0.37343750000000003 0.31527777777777777 0.043750000000000004 0.04722222222222222
0 0.32851562500000003 0.3541666666666667 0.041406250000000006 0.05
0 0.328125 0.3159722222222222 0.0421875 0.04861111111111111
3 0.051171875000000006 0.3375 0.10234375000000001 0.19722222222222224
3 0.39179687500000004 0.29305555555555557 0.09296875 0.11944444444444445
2 0.61484375 0.3736111111111111 0.1125 0.11388888888888889
