1 0.53125 0.70625 0.31562500000000004 0.4625
3 0.84765625 0.3527777777777778 0.24375000000000002 0.3416666666666667
2 0.262890625 0.21458333333333335 0.08671875000000001 0.18194444444444446
0 0.35273437500000004 0.3965277777777778 0.047656250000000004 0.12638888888888888
0 0.53046875 0.29930555555555555 0.05 0.11805555555555557
0 0.45703125 0.10833333333333334 0.0390625 0.1
0 0.460546875 0.075 0.039843750000000004 0.10277777777777779
0 0.40625 0.09791666666666667 0.037500000000000006 0.09861111111111112
0 0.408203125 0.0638888888888889 0.03828125 0.10277777777777779
3 0.090234375 0.12916666666666668 0.16640625 0.25833333333333336
3 0.531640625 0.02361111111111111 0.13984375000000002 0.04722222222222222
2 0.654296875 0.4305555555555556 0.13515625 0.2138888888888889
