1 0.1265625 0.2923611111111111 0.19375 0.34861111111111115
2 0.542578125 0.3993055555555556 0.10234375000000001 0.12638888888888888
0 0.36953125000000003 0.4173611111111111 0.078125 0.07916666666666666
0 0.278125 0.5104166666666667 0.1125 0.13194444444444445
0 0.572265625 0.5590277777777778 0.14453125 0.1625
0 0.57578125 0.46944444444444444 0.146875 0.14722222222222223
0 0.624609375 0.5222222222222223 0.13203125000000002 0.1388888888888889
0 0.628515625 0.44236111111111115 0.13359375 0.12638888888888888
3 0.6707031250000001 0.3354166666666667 0.16640625 0.17916666666666667
3 0.844921875 0.6506944444444445 0.31015625 0.6986111111111112
2 0.07265625 0.49583333333333335 0.1453125 0.2111111111111111
