1 0.606640625 0.3145833333333333 0.26953125 0.5708333333333333
3 0.728515625 0.3236111111111111 0.14921875 0.17222222222222222
2 0.22187500000000002 0.3715277777777778 0.096875 0.1125
0 0.35000000000000003 0.4118055555555556 0.059375000000000004 0.07916666666666666
0 0.4859375 0.37777777777777777 0.059375000000000004 0.061111111111111116
0 0.38007812500000004 0.3527777777777778 0.04296875 0.05
0 0.38007812500000004 0.31527777777777777 0.04296875 0.04722222222222222
0 0.33515625000000004 0.3541666666666667 0.040625 0.05
0 0.33515625000000004 0.31666666666666665 0.040625 0.04722222222222222
3 0.055078125000000006 0.33611111111111114 0.11015625000000001 0.19444444444444445
3 0.401171875 0.29444444444444445 0.09296875 0.11944444444444445
2 0.6199218750000001 0.3763888888888889 0.11484375000000001 0.11666666666666667
