1 0.094140625 0.30069444444444443 0.18828125 0.39305555555555555
3 0.037500000000000006 0.6493055555555556 0.07500000000000001 0.701388888888889
2 0.5242187500000001 0.3826388888888889 0.1015625 0.10694444444444445
0 0.370703125 0.4152777777777778 0.07734375 0.075
0 0.37734375000000003 0.5145833333333334 0.1171875 0.12916666666666668
0 0.662109375 0.513888888888889 0.11953125 0.1277777777777778
0 0.6664062500000001 0.4361111111111111 0.12187500000000001 0.11666666666666667
0 0.669921875 0.4791666666666667 0.10546875 0.10833333333333334
0 0.673828125 0.40972222222222227 0.10703125000000001 0.1
3 0.5890625 0.32222222222222224 0.1328125 0.15833333333333333
3 0.9558593750000001 0.6173611111111111 0.08828125 0.6819444444444445
2 0.132421875 0.5333333333333333 0.20859375000000002 0.23055555555555557
