1 0.15859375 0.33263888888888893 0.253125 0.5736111111111112
3 0.8914062500000001 0.6451388888888889 0.2171875 0.7097222222222223
2 0.431640625 0.3625 0.08984375 0.09722222222222222
0 0.36875 0.41250000000000003 0.07500000000000001 0.07222222222222223
0 0.5593750000000001 0.4715277777777778 0.1078125 0.10138888888888889
0 0.6527343750000001 0.41875 0.08984375 0.07361111111111111
0 0.6550781250000001 0.36597222222222225 0.08984375 0.07083333333333333
0 0.6121093750000001 0.40069444444444446 0.07890625000000001 0.06527777777777778
0 0.6140625000000001 0.35208333333333336 0.07968750000000001 0.0625
3 0.401953125 0.30625 0.07890625000000001 0.13194444444444445
3 0.89609375 0.37222222222222223 0.2078125 0.24444444444444446
2 0.5390625 0.55 0.203125 0.2777777777777778
