1 0.24531250000000002 0.27083333333333337 0.1640625 0.28055555555555556
2 0.534375 0.45 0.1625 0.18611111111111112
0 0.365234375 0.41944444444444445 0.05078125 0.08055555555555556
0 0.12382812500000001 0.4590277777777778 0.08828125 0.10138888888888889
0 0.170703125 0.5861111111111111 0.12265625000000001 0.18055555555555555
0 0.16757812500000002 0.4840277777777778 0.12578125 0.1625
0 0.298828125 0.5902777777777778 0.09765625 0.18333333333333335
0 0.29765625 0.48680555555555555 0.1 0.16527777777777777
3 0.862890625 0.4222222222222222 0.27421875 0.3527777777777778
2 0.04296875 0.40347222222222223 0.0859375 0.14027777777777778
