1 0.334765625 0.2743055555555556 0.13828125 0.24027777777777778
3 0.022656250000000003 0.33055555555555555 0.045312500000000006 0.17222222222222222
2 0.4296875 0.4673611111111111 0.11093750000000001 0.18194444444444446
0 0.35703125 0.41944444444444445 0.06875 0.08055555555555556
0 0.147265625 0.41875 0.08359375000000001 0.07916666666666666
0 0.057421875000000004 0.5041666666666667 0.11484375000000001 0.1277777777777778
0 0.055859375 0.4291666666666667 0.11171875 0.11666666666666667
0 0.10859375 0.5284722222222222 0.134375 0.14305555555555557
0 0.10546875 0.4479166666666667 0.13593750000000002 0.12916666666666668
3 0.7984375 0.5333333333333333 0.403125 0.5277777777777778
2 0.135546875 0.36736111111111114 0.08828125 0.09861111111111112
