1 0.61640625 0.23125 0.2328125 0.4625
2 0.166796875 0.5423611111111112 0.12421875 0.20972222222222223
0 0.343359375 0.41875 0.07890625000000001 0.12361111111111112
0 0.311328125 0.15 0.06796875000000001 0.1
0 0.144921875 0.18958333333333335 0.07890625000000001 0.10416666666666667
0 0.13671875 0.15347222222222223 0.08281250000000001 0.10694444444444445
0 0.11289062500000001 0.26180555555555557 0.08515625 0.10972222222222222
0 0.102734375 0.22777777777777777 0.08984375 0.11388888888888889
3 0.0578125 0.8548611111111112 0.115625 0.2902777777777778
3 0.059765625 0.07291666666666667 0.11953125 0.14583333333333334
2 0.41718750000000004 0.06319444444444444 0.0890625 0.12638888888888888
