1 0.279296875 0.2743055555555556 0.14921875 0.25972222222222224
2 0.5007812500000001 0.4569444444444445 0.15000000000000002 0.18333333333333335
0 0.36015625 0.41875 0.053125000000000006 0.07916666666666666
0 0.130859375 0.4430555555555556 0.08671875000000001 0.09166666666666667
0 0.11679687500000001 0.5527777777777778 0.13203125000000002 0.15555555555555556
0 0.11328125 0.4638888888888889 0.134375 0.14166666666666666
0 0.219140625 0.5673611111111111 0.11796875000000001 0.16527777777777777
0 0.2171875 0.4743055555555556 0.1203125 0.1486111111111111
3 0.8453125 0.45555555555555555 0.309375 0.39722222222222225
2 0.07265625 0.38958333333333334 0.0890625 0.12083333333333333
