1 0.538671875 0.33055555555555555 0.31953125000000004 0.5694444444444444
3 0.827734375 0.35555555555555557 0.18984375 0.21666666666666667
2 0.26953125 0.36388888888888893 0.0734375 0.1
0 0.35195312500000003 0.41111111111111115 0.047656250000000004 0.07222222222222223
0 0.524609375 0.39166666666666666 0.05078125 0.0638888888888889
0 0.44453125000000004 0.3576388888888889 0.034375 0.04861111111111111
0 0.444921875 0.3215277777777778 0.03359375 0.04583333333333334
0 0.39882812500000003 0.35625 0.032031250000000004 0.04861111111111111
0 0.39921875 0.3201388888888889 0.03125 0.04583333333333334
3 0.12421875 0.3236111111111111 0.1203125 0.16111111111111112
3 0.49375 0.3013888888888889 0.1015625 0.125
2 0.662109375 0.4027777777777778 0.13359375 0.13055555555555556
