1 0.1859375 0.33472222222222225 0.30000000000000004 0.6166666666666667
3 0.9300781250000001 0.638888888888889 0.13984375000000002 0.7222222222222222
2 0.41015625 0.3597222222222222 0.0859375 0.09722222222222222
0 0.3671875 0.41250000000000003 0.078125 0.075
0 0.57734375 0.4604166666666667 0.10312500000000001 0.09861111111111112
0 0.633984375 0.4048611111111111 0.08046875 0.07083333333333333
0 0.6359375 0.35555555555555557 0.08125 0.06666666666666667
0 0.589453125 0.3902777777777778 0.07265625 0.0638888888888889
0 0.59140625 0.34375 0.0734375 0.059722222222222225
3 0.36484375 0.30486111111111114 0.07187500000000001 0.13194444444444445
3 0.8402343750000001 0.3513888888888889 0.19140625 0.2111111111111111
2 0.6058593750000001 0.5347222222222222 0.17890625000000002 0.26666666666666666
