1 0.5921875 0.29444444444444445 0.15781250000000002 0.34444444444444444
3 0.451953125 0.3 0.09765625 0.11944444444444445
2 0.164453125 0.41111111111111115 0.12265625000000001 0.1277777777777778
0 0.34492187500000004 0.4152777777777778 0.07734375 0.075
0 0.35078125000000004 0.36736111111111114 0.0578125 0.051388888888888894
0 0.212890625 0.3666666666666667 0.06015625 0.05277777777777778
0 0.21210937500000002 0.3277777777777778 0.06015625 0.05
0 0.176171875 0.3770833333333333 0.06484375 0.05694444444444444
0 0.17500000000000002 0.3354166666666667 0.065625 0.05416666666666667
3 0.00859375 0.4395833333333333 0.0171875 0.3541666666666667
3 0.162890625 0.30625 0.10078125 0.12916666666666668
2 0.44648437500000004 0.34444444444444444 0.06953125 0.07777777777777778
