1 0.49296875 0.7548611111111111 0.328125 0.4236111111111111
3 0.87890625 0.4777777777777778 0.2421875 0.3861111111111111
2 0.284375 0.19097222222222224 0.0765625 0.1763888888888889
0 0.355078125 0.39513888888888893 0.05859375 0.1375
0 0.55 0.3388888888888889 0.0546875 0.13055555555555556
0 0.49453125000000003 0.12569444444444444 0.046875 0.10972222222222222
0 0.499609375 0.09097222222222223 0.049218750000000006 0.1125
0 0.44375000000000003 0.10347222222222223 0.046875 0.10694444444444445
0 0.446875 0.06875 0.0484375 0.10972222222222222
3 0.12734375 0.10138888888888889 0.15156250000000002 0.20277777777777778
3 0.59375 0.03958333333333333 0.1546875 0.07916666666666666
2 0.67109375 0.5083333333333333 0.140625 0.21944444444444444
