1 0.436328125 0.7944444444444445 0.33828125000000003 0.3666666666666667
3 0.8921875 0.6298611111111111 0.215625 0.43472222222222223
2 0.30703125000000003 0.1701388888888889 0.06875 0.16805555555555557
0 0.357421875 0.3944444444444445 0.06796875000000001 0.14722222222222223
0 0.568359375 0.3854166666666667 0.06796875000000001 0.14583333333333334
0 0.53359375 0.15 0.0578125 0.11944444444444445
0 0.5398437500000001 0.11458333333333334 0.059375000000000004 0.12361111111111112
0 0.48203125 0.11736111111111111 0.05625 0.11527777777777778
0 0.48671875000000003 0.08125 0.0578125 0.11805555555555557
3 0.16875 0.0763888888888889 0.134375 0.1527777777777778
3 0.659375 0.06180555555555556 0.171875 0.12361111111111112
2 0.680859375 0.5951388888888889 0.14296875 0.22083333333333335
