1 0.090234375 0.3090277777777778 0.18046875 0.5541666666666667
3 0.587109375 0.6395833333333334 0.82578125 0.7208333333333333
2 0.48046875 0.3666666666666667 0.10312500000000001 0.10555555555555556
0 0.37148437500000003 0.4131944444444445 0.07109375 0.07083333333333333
0 0.51953125 0.5020833333333333 0.1203125 0.1125
0 0.70859375 0.4548611111111111 0.11875000000000001 0.09027777777777778
0 0.7125 0.38819444444444445 0.1203125 0.08472222222222223
0 0.6742187500000001 0.4277777777777778 0.1015625 0.07777777777777778
0 0.67734375 0.36875 0.10312500000000001 0.07361111111111111
3 0.483984375 0.30694444444444446 0.10234375000000001 0.14444444444444446
3 0.97265625 0.44097222222222227 0.0546875 0.3902777777777778
2 0.38007812500000004 0.5888888888888889 0.24296875 0.33055555555555555
