1 0.27578125000000003 0.27222222222222225 0.15156250000000002 0.2638888888888889
2 0.5066406250000001 0.45763888888888893 0.15390625000000002 0.1875
0 0.36054687500000004 0.41875 0.05234375 0.07916666666666666
0 0.12617187500000002 0.4444444444444445 0.08828125 0.09444444444444444
0 0.11406250000000001 0.5590277777777778 0.13593750000000002 0.1625
0 0.11015625000000001 0.4666666666666667 0.1390625 0.14722222222222223
0 0.22109375 0.5729166666666667 0.1203125 0.17083333333333334
0 0.21875 0.47708333333333336 0.1234375 0.15416666666666667
3 0.8503906250000001 0.4548611111111111 0.29921875000000003 0.4013888888888889
2 0.065234375 0.38958333333333334 0.09140625000000001 0.12361111111111112
