1 0.5613281250000001 0.2791666666666667 0.17578125 0.33055555555555555
3 0.365234375 0.2951388888888889 0.09453125000000001 0.12083333333333333
2 0.162109375 0.43333333333333335 0.13046875 0.1638888888888889
0 0.34492187500000004 0.41597222222222224 0.07578125000000001 0.07361111111111111
0 0.299609375 0.36736111111111114 0.05859375 0.051388888888888894
0 0.144140625 0.3784722222222222 0.07109375 0.05694444444444444
0 0.142578125 0.33333333333333337 0.07265625 0.05555555555555556
0 0.11015625000000001 0.39305555555555555 0.07968750000000001 0.0638888888888889
0 0.10820312500000001 0.34375 0.08046875 0.059722222222222225
3 0.030859375 0.5375 0.06171875 0.5666666666666667
3 0.060546875 0.3145833333333333 0.12109375 0.15694444444444444
2 0.384765625 0.3388888888888889 0.07578125000000001 0.08055555555555556
