1 0.602734375 0.6131944444444445 0.31484375000000003 0.5513888888888889
3 0.770703125 0.14444444444444446 0.19296875000000002 0.28611111111111115
2 0.21484375 0.25972222222222224 0.11093750000000001 0.20277777777777778
0 0.349609375 0.39861111111111114 0.05859375 0.1388888888888889
0 0.49375 0.22291666666666668 0.0625 0.12083333333333333
0 0.384375 0.07222222222222223 0.0484375 0.10555555555555556
0 0.38515625000000003 0.04583333333333334 0.05 0.09166666666666667
0 0.33320312500000004 0.08125 0.04609375 0.10694444444444445
0 0.33203125 0.050694444444444445 0.0484375 0.10138888888888889
3 0.053125000000000006 0.23333333333333334 0.10625000000000001 0.3027777777777778
3 0.41718750000000004 0.0 0.1234375 0.0
2 0.6292968750000001 0.2916666666666667 0.13046875 0.20833333333333334
