1 0.56796875 0.6625 0.3171875 0.5083333333333333
3 0.80859375 0.24444444444444446 0.215625 0.3111111111111111
2 0.23984375000000002 0.23611111111111113 0.09843750000000001 0.19166666666666668
0 0.35195312500000003 0.39722222222222225 0.047656250000000004 0.1277777777777778
0 0.512890625 0.2611111111111111 0.055468750000000004 0.11388888888888889
0 0.421484375 0.08958333333333333 0.04296875 0.09861111111111112
0 0.423828125 0.05625 0.04453125 0.10138888888888889
0 0.37109375 0.08888888888888889 0.0390625 0.1
0 0.371875 0.05486111111111111 0.040625 0.10138888888888889
3 0.070703125 0.1701388888888889 0.14140625 0.29583333333333334
3 0.474609375 0.006944444444444445 0.13046875 0.01388888888888889
2 0.6429687500000001 0.3597222222222222 0.1328125 0.2111111111111111
