1 0.330078125 0.2729166666666667 0.13984375000000002 0.24305555555555555
3 0.016796875 0.33263888888888893 0.03359375 0.1763888888888889
2 0.4375 0.46805555555555556 0.1171875 0.18333333333333335
0 0.35703125 0.41944444444444445 0.06875 0.08055555555555556
0 0.143359375 0.42083333333333334 0.08515625 0.08055555555555556
0 0.058203125 0.5097222222222222 0.11640625 0.13055555555555556
0 0.056640625 0.4326388888888889 0.11328125 0.12083333333333333
0 0.1125 0.5347222222222222 0.13593750000000002 0.14722222222222223
0 0.10898437500000001 0.4513888888888889 0.13828125 0.13333333333333333
3 0.805859375 0.5298611111111111 0.38828125 0.5263888888888889
2 0.128515625 0.36875 0.08984375 0.09861111111111112
