1 0.35664062500000004 0.275 0.13828125 0.24166666666666667
3 0.044921875 0.3229166666666667 0.08984375 0.15694444444444444
2 0.38671875 0.4708333333333333 0.11093750000000001 0.18611111111111112
0 0.35546875 0.41944444444444445 0.0734375 0.07777777777777778
0 0.15859375 0.4104166666666667 0.07968750000000001 0.07361111111111111
0 0.051171875000000006 0.48541666666666666 0.10234375000000001 0.11527777777777778
0 0.05 0.4152777777777778 0.1 0.10555555555555556
0 0.084375 0.5111111111111112 0.12812500000000002 0.13055555555555556
0 0.08046875 0.43472222222222223 0.1296875 0.11944444444444445
3 0.76171875 0.5611111111111111 0.44375000000000003 0.5722222222222223
2 0.162109375 0.36180555555555555 0.08671875000000001 0.09305555555555556
