1 0.444921875 0.12569444444444444 0.20546875 0.2513888888888889
3 0.09257812500000001 0.044444444444444446 0.13359375 0.08888888888888889
2 0.3015625 0.7319444444444445 0.1390625 0.2833333333333333
0 0.351171875 0.4326388888888889 0.08203125 0.14305555555555557
0 0.1796875 0.2888888888888889 0.08125 0.1277777777777778
0 0.051562500000000004 0.5340277777777778 0.1 0.15416666666666667
0 0.045312500000000006 0.5069444444444444 0.09062500000000001 0.16111111111111112
0 0.070703125 0.6361111111111112 0.10546875 0.16666666666666669
0 0.056640625 0.6118055555555556 0.11171875 0.1736111111111111
2 0.20664062500000002 0.1076388888888889 0.10390625 0.18194444444444446
