1 0.434375 0.32430555555555557 0.3609375 0.6069444444444445
3 0.919140625 0.41111111111111115 0.16171875000000002 0.325
2 0.3140625 0.35694444444444445 0.060937500000000006 0.09444444444444444
0 0.35703125 0.41111111111111115 0.0671875 0.07777777777777778
0 0.56640625 0.40972222222222227 0.0546875 0.07777777777777778
0 0.516015625 0.3666666666666667 0.04453125 0.05555555555555556
0 0.516796875 0.3263888888888889 0.04453125 0.05277777777777778
0 0.46914062500000003 0.3611111111111111 0.04453125 0.05277777777777778
0 0.46953125 0.32222222222222224 0.045312500000000006 0.05
3 0.20820312500000002 0.3104166666666667 0.08984375 0.14583333333333334
3 0.60546875 0.30833333333333335 0.1234375 0.14166666666666666
2 0.712890625 0.4388888888888889 0.16328125000000002 0.1638888888888889
