1 0.08984375 0.4305555555555556 0.1796875 0.5111111111111112
2 0.52265625 0.30347222222222225 0.11093750000000001 0.16527777777777777
0 0.37109375 0.4131944444444445 0.0765625 0.12083333333333333
0 0.40351562500000004 0.7895833333333334 0.09296875 0.15416666666666667
0 0.6214843750000001 0.74375 0.09765625 0.1486111111111111
0 0.6351562500000001 0.7256944444444444 0.10312500000000001 0.15694444444444444
0 0.6359375 0.6270833333333333 0.0921875 0.14027777777777778
0 0.649609375 0.6048611111111112 0.09765625 0.14583333333333334
3 0.603515625 0.10347222222222223 0.17109375000000002 0.20694444444444446
3 0.864453125 0.9298611111111111 0.27109375 0.14027777777777778
2 0.236328125 0.9256944444444445 0.13671875 0.1486111111111111
