1 0.58203125 0.20555555555555557 0.225 0.41111111111111115
3 0.34453125 0.0 0.1234375 0.0
2 0.18828125 0.5875 0.13125 0.22777777777777777
0 0.34453125 0.4215277777777778 0.07187500000000001 0.10416666666666667
0 0.2828125 0.1701388888888889 0.06406250000000001 0.08750000000000001
0 0.12070312500000001 0.2451388888888889 0.07890625000000001 0.09305555555555556
0 0.111328125 0.2125 0.08203125 0.09722222222222222
0 0.09648437500000001 0.3263888888888889 0.08515625 0.09722222222222222
0 0.0859375 0.29375 0.0890625 0.10138888888888889
3 0.09062500000000001 0.8979166666666667 0.18125000000000002 0.20416666666666666
3 0.038671875 0.11666666666666667 0.07734375 0.23333333333333334
2 0.373828125 0.06597222222222222 0.08984375 0.13194444444444445
