1 0.48828125 0.14097222222222222 0.22031250000000002 0.28194444444444444
3 0.15078125 0.02013888888888889 0.134375 0.04027777777777778
2 0.260546875 0.7208333333333333 0.15234375 0.2916666666666667
0 0.34882812500000004 0.43125 0.08359375000000001 0.1375
0 0.19765625 0.24444444444444446 0.078125 0.11944444444444445
0 0.0484375 0.45069444444444445 0.09375 0.14027777777777778
0 0.041796875000000004 0.4201388888888889 0.08359375000000001 0.14583333333333334
0 0.054296875 0.5555555555555556 0.09921875000000001 0.15
0 0.045703125000000004 0.5270833333333333 0.09140625000000001 0.15694444444444444
2 0.244140625 0.08194444444444444 0.10390625 0.1638888888888889
