1 0.10898437500000001 0.5770833333333334 0.21796875000000002 0.6125
2 0.49062500000000003 0.22847222222222224 0.11875000000000001 0.19583333333333333
0 0.37109375 0.40625 0.07187500000000001 0.10138888888888889
0 0.49335937500000004 0.757638888888889 0.09765625 0.12083333333333333
0 0.67578125 0.5847222222222223 0.10625000000000001 0.11111111111111112
0 0.6917968750000001 0.5583333333333333 0.11328125 0.11666666666666667
0 0.66171875 0.4708333333333333 0.09843750000000001 0.10555555555555556
0 0.67578125 0.44097222222222227 0.1046875 0.10972222222222222
3 0.51171875 0.059722222222222225 0.1421875 0.11944444444444445
3 0.9171875 0.7472222222222222 0.16562500000000002 0.47500000000000003
2 0.376953125 0.9458333333333334 0.17578125 0.10833333333333334
