1 0.36250000000000004 0.10902777777777778 0.18125000000000002 0.21805555555555556
3 0.033203125 0.12013888888888889 0.06640625 0.24027777777777778
2 0.37929687500000003 0.7159722222222222 0.10078125 0.23750000000000002
0 0.35546875 0.4340277777777778 0.07187500000000001 0.14305555555555557
0 0.16171875000000002 0.3826388888888889 0.08125 0.1375
0 0.08984375 0.68125 0.1015625 0.17083333333333334
0 0.07695312500000001 0.6611111111111111 0.10703125000000001 0.17777777777777778
0 0.13398437500000002 0.7659722222222223 0.10234375000000001 0.18194444444444446
0 0.123046875 0.7479166666666667 0.10859375 0.1902777777777778
3 0.6125 0.9270833333333334 0.2734375 0.14583333333333334
2 0.148046875 0.19652777777777777 0.09765625 0.16805555555555557
