1 0.28828125 0.7798611111111111 0.359375 0.44027777777777777
3 0.890625 0.8729166666666667 0.21875 0.25416666666666665
2 0.36054687500000004 0.1590277777777778 0.08671875000000001 0.18472222222222223
0 0.36250000000000004 0.3965277777777778 0.07968750000000001 0.1486111111111111
0 0.58046875 0.49375 0.0890625 0.15972222222222224
0 0.598046875 0.23611111111111113 0.07578125000000001 0.13055555555555556
0 0.6078125000000001 0.20069444444444445 0.07968750000000001 0.13472222222222222
0 0.55078125 0.1798611111111111 0.07187500000000001 0.12361111111111112
0 0.558203125 0.14444444444444446 0.07578125000000001 0.1277777777777778
3 0.26406250000000003 0.043750000000000004 0.09531250000000001 0.08750000000000001
3 0.7781250000000001 0.13125 0.2015625 0.2625
2 0.6453125000000001 0.7736111111111111 0.12812500000000002 0.28055555555555556
