1 0.1421875 0.2847222222222222 0.1953125 0.3388888888888889
2 0.553125 0.40902777777777777 0.1171875 0.14027777777777778
0 0.369921875 0.4173611111111111 0.07734375 0.08194444444444444
0 0.232421875 0.5076388888888889 0.10546875 0.13472222222222222
0 0.517578125 0.5840277777777778 0.15546875000000002 0.1875
0 0.520703125 0.48541666666666666 0.15859375 0.16805555555555557
0 0.595703125 0.5493055555555556 0.14765625000000002 0.1625
0 0.599609375 0.4590277777777778 0.15078125 0.14583333333333334
3 0.720703125 0.3416666666666667 0.19140625 0.19722222222222224
3 0.76171875 0.6520833333333333 0.4765625 0.6958333333333334
2 0.05390625 0.4777777777777778 0.1078125 0.20555555555555557
