1 0.12070312500000001 0.22083333333333335 0.24140625000000002 0.4416666666666667
3 0.0 0.9520833333333334 0.0 0.09583333333333334
2 0.554296875 0.4847222222222222 0.13828125 0.23611111111111113
0 0.369921875 0.4256944444444445 0.07734375 0.15416666666666667
0 0.23554687500000002 0.7618055555555556 0.09140625000000001 0.19305555555555556
0 0.4453125 0.9472222222222223 0.1078125 0.10555555555555556
0 0.45078125 0.9409722222222222 0.115625 0.11805555555555557
0 0.5183593750000001 0.9097222222222222 0.11171875 0.18055555555555555
0 0.5281250000000001 0.9013888888888889 0.11875000000000001 0.19722222222222224
3 0.7738281250000001 0.3354166666666667 0.24296875 0.2763888888888889
2 0.069140625 0.7125 0.13828125 0.26944444444444443
