1 0.28945312500000003 0.10972222222222222 0.18984375 0.21944444444444444
3 0.0 0.2625 0.0 0.34444444444444444
2 0.4578125 0.7020833333333334 0.11875000000000001 0.24861111111111112
0 0.359375 0.4354166666666667 0.0625 0.14583333333333334
0 0.140625 0.4881944444444445 0.08281250000000001 0.1513888888888889
0 0.132421875 0.8555555555555556 0.10234375000000001 0.19444444444444445
0 0.11992187500000001 0.8409722222222222 0.10859375 0.20416666666666666
0 0.20468750000000002 0.9069444444444444 0.096875 0.18611111111111112
0 0.1953125 0.8979166666666667 0.10312500000000001 0.20416666666666666
3 0.7578125 0.8451388888888889 0.33437500000000003 0.30972222222222223
3 0.0 0.9944444444444445 0.0 0.011111111111111112
2 0.08125 0.29583333333333334 0.096875 0.19166666666666668
