1 0.14765625000000002 0.19305555555555556 0.24375000000000002 0.3861111111111111
2 0.542578125 0.5333333333333333 0.13984375000000002 0.24444444444444446
0 0.369140625 0.4291666666666667 0.06796875000000001 0.14722222222222223
0 0.20859375000000002 0.7090277777777778 0.078125 0.17916666666666667
0 0.376953125 0.9465277777777779 0.09140625000000001 0.10694444444444445
0 0.37812500000000004 0.9409722222222222 0.096875 0.11805555555555557
0 0.45742187500000003 0.9222222222222223 0.09609375 0.15555555555555556
0 0.462890625 0.9152777777777779 0.10234375000000001 0.16944444444444445
3 0.784765625 0.44027777777777777 0.23984375000000002 0.3111111111111111
2 0.06328125 0.6152777777777778 0.1265625 0.2555555555555556
