1 0.6746093750000001 0.32430555555555557 0.23359375000000002 0.5625
3 0.5437500000000001 0.0 0.15625 0.0
2 0.142578125 0.4395833333333333 0.14453125 0.20416666666666666
0 0.34296875000000004 0.41111111111111115 0.0890625 0.1527777777777778
0 0.37578125 0.12986111111111112 0.0734375 0.12083333333333333
0 0.208984375 0.09791666666666667 0.07578125000000001 0.11805555555555557
0 0.203515625 0.06041666666666667 0.07890625000000001 0.12083333333333333
0 0.164453125 0.15347222222222223 0.08046875 0.12361111111111112
0 0.15703125 0.11527777777777778 0.084375 0.1277777777777778
3 0.008203125 0.70625 0.01640625 0.40694444444444444
3 0.143359375 0.004166666666666667 0.14765625000000002 0.008333333333333333
2 0.503515625 0.07708333333333334 0.09296875 0.15416666666666667
