1 0.6531250000000001 0.4777777777777778 0.2703125 0.6027777777777777
3 0.673046875 0.043750000000000004 0.17578125 0.08750000000000001
2 0.166015625 0.33472222222222225 0.13671875 0.21944444444444444
0 0.34453125 0.40347222222222223 0.07968750000000001 0.15694444444444444
0 0.44140625 0.15833333333333333 0.07187500000000001 0.1277777777777778
0 0.296484375 0.06041666666666667 0.06328125 0.11527777777777778
0 0.294140625 0.04097222222222222 0.06484375 0.08194444444444444
0 0.246484375 0.09236111111111112 0.06484375 0.12083333333333333
0 0.2421875 0.058333333333333334 0.0671875 0.11666666666666667
3 0.01953125 0.42708333333333337 0.0390625 0.29305555555555557
2 0.580078125 0.16111111111111112 0.11796875000000001 0.19166666666666668
