1 0.1234375 0.21944444444444444 0.246875 0.4388888888888889
3 0.0 0.9298611111111111 0.0 0.14027777777777778
2 0.547265625 0.48333333333333334 0.13203125000000002 0.22777777777777777
0 0.36953125000000003 0.4256944444444445 0.0734375 0.1486111111111111
0 0.238671875 0.7444444444444445 0.08828125 0.18611111111111112
0 0.439453125 0.9354166666666667 0.10390625 0.12916666666666668
0 0.444140625 0.9284722222222223 0.11015625000000001 0.14305555555555557
0 0.51015625 0.9 0.10625000000000001 0.2
0 0.519140625 0.8916666666666667 0.11328125 0.21666666666666667
3 0.758984375 0.3423611111111111 0.23046875 0.26805555555555555
2 0.07265625 0.69375 0.1453125 0.25972222222222224
