1 0.094921875 0.5006944444444444 0.18984375 0.5625
2 0.51015625 0.2638888888888889 0.1171875 0.18333333333333335
0 0.37109375 0.40972222222222227 0.0734375 0.11111111111111112
0 0.44648437500000004 0.7826388888888889 0.08984375 0.1375
0 0.6546875000000001 0.6715277777777778 0.09843750000000001 0.12916666666666668
0 0.669921875 0.65 0.10546875 0.13611111111111113
0 0.6550781250000001 0.5534722222222223 0.09296875 0.12083333333333333
0 0.66953125 0.5277777777777778 0.09843750000000001 0.1277777777777778
3 0.5625 0.07847222222222222 0.15937500000000002 0.15694444444444444
3 0.89453125 0.8465277777777778 0.2109375 0.30694444444444446
2 0.29921875000000003 0.9409722222222222 0.153125 0.11805555555555557
