1 0.361328125 0.275 0.13984375000000002 0.24444444444444446
3 0.048046875 0.32083333333333336 0.09609375 0.15555555555555556
2 0.38046875 0.4715277777777778 0.115625 0.1902777777777778
0 0.355078125 0.41944444444444445 0.07421875 0.08055555555555556
0 0.15937500000000002 0.40902777777777777 0.07968750000000001 0.07361111111111111
0 0.048828125 0.4826388888888889 0.09765625 0.11527777777777778
0 0.047265625000000006 0.4131944444444445 0.09453125000000001 0.10416666666666667
0 0.076171875 0.5083333333333333 0.12890625 0.13055555555555556
0 0.07265625 0.4326388888888889 0.13125 0.11805555555555557
3 0.759375 0.5715277777777777 0.45625000000000004 0.5958333333333333
2 0.16523437500000002 0.36041666666666666 0.08671875000000001 0.09305555555555556
