1 0.150390625 0.6826388888888889 0.30078125 0.5819444444444445
2 0.44062500000000004 0.19444444444444445 0.1046875 0.19166666666666668
0 0.36835937500000004 0.4013888888888889 0.07734375 0.12222222222222223
0 0.5390625 0.6541666666666667 0.1 0.14444444444444446
0 0.65234375 0.42847222222222225 0.09531250000000001 0.12361111111111112
0 0.665234375 0.3993055555555556 0.09921875000000001 0.12916666666666668
0 0.622265625 0.3388888888888889 0.08828125 0.11666666666666667
0 0.6328125 0.3076388888888889 0.0921875 0.12083333333333333
3 0.41328125000000004 0.044444444444444446 0.1046875 0.08888888888888889
3 0.8988281250000001 0.4375 0.20234375000000002 0.37222222222222223
2 0.501171875 0.9006944444444445 0.16640625 0.19861111111111113
