1 0.09726562500000001 0.36458333333333337 0.19453125000000002 0.48194444444444445
2 0.53359375 0.34652777777777777 0.1046875 0.15972222222222224
0 0.371875 0.4166666666666667 0.078125 0.13055555555555556
0 0.35976562500000003 0.7902777777777779 0.09453125000000001 0.16666666666666669
0 0.5847656250000001 0.8145833333333333 0.10390625 0.16805555555555557
0 0.5964843750000001 0.8 0.11015625000000001 0.17777777777777778
0 0.6140625000000001 0.7027777777777778 0.1 0.15833333333333333
0 0.6265625 0.6840277777777778 0.1046875 0.16527777777777777
3 0.645703125 0.13125 0.18515625000000002 0.2625
2 0.178515625 0.9 0.14921875 0.2
