1 0.08828125 0.3138888888888889 0.1640625 0.4777777777777778
3 0.37226562500000004 0.6506944444444445 0.7445312500000001 0.6986111111111112
2 0.48867187500000003 0.3715277777777778 0.10078125 0.10416666666666667
0 0.36953125000000003 0.4138888888888889 0.06875 0.06944444444444445
0 0.48085937500000003 0.5027777777777778 0.10390625 0.11111111111111112
0 0.6902343750000001 0.4666666666666667 0.11484375000000001 0.09444444444444444
0 0.6941406250000001 0.4 0.11640625 0.08888888888888889
0 0.6667968750000001 0.4388888888888889 0.09921875000000001 0.08055555555555556
0 0.66953125 0.37986111111111115 0.1 0.0763888888888889
3 0.50625 0.3125 0.10625000000000001 0.14444444444444446
3 0.97265625 0.46805555555555556 0.0546875 0.4166666666666667
2 0.315234375 0.5659722222222222 0.20390625 0.2847222222222222
