1 0.191796875 0.7159722222222222 0.30546875 0.5402777777777777
2 0.41484375 0.18472222222222223 0.096875 0.18611111111111112
0 0.366796875 0.39861111111111114 0.07734375 0.1277777777777778
0 0.550390625 0.5958333333333333 0.09453125000000001 0.14722222222222223
0 0.63046875 0.36180555555555555 0.0859375 0.12361111111111112
0 0.6414062500000001 0.33125 0.09062500000000001 0.12916666666666668
0 0.594921875 0.2847222222222222 0.08046875 0.11666666666666667
0 0.6042968750000001 0.2534722222222222 0.08359375000000001 0.12083333333333333
3 0.3640625 0.043055555555555555 0.09062500000000001 0.08611111111111111
3 0.852734375 0.31875000000000003 0.20390625 0.3236111111111111
2 0.546875 0.8694444444444445 0.15156250000000002 0.2611111111111111
