1 0.60703125 0.3 0.146875 0.375
3 0.498046875 0.3013888888888889 0.10234375000000001 0.12222222222222223
2 0.16796875 0.40208333333333335 0.12187500000000001 0.12361111111111112
0 0.34453125 0.4152777777777778 0.0765625 0.075
0 0.37578125 0.3680555555555556 0.0578125 0.05277777777777778
0 0.244140625 0.3625 0.055468750000000004 0.05
0 0.24335937500000002 0.32430555555555557 0.057031250000000006 0.04861111111111111
0 0.20546875 0.3701388888888889 0.059375000000000004 0.05416666666666667
0 0.20429687500000002 0.3298611111111111 0.06015625 0.051388888888888894
3 0.01171875 0.4076388888888889 0.0234375 0.2986111111111111
3 0.21054687500000002 0.30208333333333337 0.08984375 0.12361111111111112
2 0.47734375 0.3479166666666667 0.06875 0.08194444444444444
