1 0.12421875 0.3215277777777778 0.21250000000000002 0.5680555555555555
3 0.8503906250000001 0.64375 0.29921875000000003 0.7125
2 0.455859375 0.36388888888888893 0.09609375 0.10277777777777779
0 0.37031250000000004 0.41250000000000003 0.0734375 0.07222222222222223
0 0.544140625 0.48750000000000004 0.11640625 0.10833333333333334
0 0.6820312500000001 0.4354166666666667 0.10312500000000001 0.08194444444444444
0 0.68515625 0.3763888888888889 0.1046875 0.07777777777777778
0 0.64375 0.4131944444444445 0.09062500000000001 0.07083333333333333
0 0.64609375 0.36041666666666666 0.09062500000000001 0.06805555555555556
3 0.44257812500000004 0.30625 0.08984375 0.1375
3 0.9320312500000001 0.4 0.13593750000000002 0.3027777777777778
2 0.46875 0.5729166666666667 0.23125 0.30972222222222223
