1 0.5796875 0.2868055555555556 0.16875 0.3375
3 0.41015625 0.2972222222222222 0.09531250000000001 0.11944444444444445
2 0.15937500000000002 0.4215277777777778 0.125 0.14305555555555557
0 0.34492187500000004 0.41597222222222224 0.07734375 0.07361111111111111
0 0.326171875 0.3666666666666667 0.05859375 0.05277777777777778
0 0.180078125 0.3715277777777778 0.06484375 0.05416666666666667
0 0.17890625000000002 0.3298611111111111 0.065625 0.051388888888888894
0 0.14453125 0.3840277777777778 0.07187500000000001 0.059722222222222225
0 0.142578125 0.3388888888888889 0.07265625 0.05555555555555556
3 0.012890625000000001 0.4791666666666667 0.025781250000000002 0.4416666666666667
3 0.11171875 0.30972222222222223 0.115625 0.14166666666666666
2 0.41718750000000004 0.34097222222222223 0.07187500000000001 0.07916666666666666
