1 0.10820312500000001 0.5743055555555556 0.21640625000000002 0.6069444444444445
2 0.494140625 0.22777777777777777 0.11953125 0.19722222222222224
0 0.371875 0.40555555555555556 0.07187500000000001 0.1
0 0.49062500000000003 0.763888888888889 0.096875 0.11666666666666667
0 0.6765625000000001 0.59375 0.10625000000000001 0.10972222222222222
0 0.692578125 0.56875 0.11328125 0.11527777777777778
0 0.66328125 0.4777777777777778 0.09843750000000001 0.10277777777777779
0 0.6781250000000001 0.4486111111111111 0.1046875 0.10833333333333334
3 0.5183593750000001 0.05763888888888889 0.14609375 0.11527777777777778
3 0.915625 0.7645833333333334 0.16875 0.4708333333333333
2 0.371875 0.9486111111111112 0.17343750000000002 0.10277777777777779
