1 0.09062500000000001 0.4277777777777778 0.18125000000000002 0.5083333333333333
2 0.521484375 0.3055555555555556 0.11015625000000001 0.1638888888888889
0 0.37148437500000003 0.4131944444444445 0.07578125000000001 0.12083333333333333
0 0.40390625 0.7840277777777778 0.0921875 0.15416666666666667
0 0.62109375 0.7388888888888889 0.096875 0.15
0 0.633984375 0.7194444444444444 0.10234375000000001 0.15555555555555556
0 0.634765625 0.6236111111111111 0.09140625000000001 0.1388888888888889
0 0.648046875 0.6006944444444444 0.09609375 0.14583333333333334
3 0.60078125 0.10625 0.16875 0.2125
3 0.86484375 0.9243055555555556 0.2703125 0.1513888888888889
2 0.236328125 0.9208333333333334 0.13671875 0.15833333333333333
