1 0.10859375 0.29791666666666666 0.1921875 0.3680555555555556
3 0.0 0.6472222222222223 0.0 0.7055555555555556
2 0.534765625 0.3902777777777778 0.09921875000000001 0.11388888888888889
0 0.37031250000000004 0.41597222222222224 0.078125 0.0763888888888889
0 0.33046875000000003 0.5131944444444445 0.1171875 0.12916666666666668
0 0.623046875 0.5340277777777778 0.12890625 0.14305555555555557
0 0.626953125 0.4513888888888889 0.13046875 0.13055555555555556
0 0.6507812500000001 0.4986111111111111 0.11406250000000001 0.12222222222222223
0 0.654296875 0.425 0.11640625 0.11111111111111112
3 0.625 0.3284722222222222 0.1453125 0.16527777777777777
3 0.913671875 0.6444444444444445 0.17265625 0.7111111111111111
2 0.09531250000000001 0.5152777777777778 0.19062500000000002 0.22222222222222224
