1 0.349609375 0.33472222222222225 0.33828125000000003 0.5972222222222222
3 0.9265625000000001 0.45069444444444445 0.146875 0.3819444444444445
2 0.338671875 0.35694444444444445 0.06640625 0.09166666666666667
0 0.35976562500000003 0.4118055555555556 0.07109375 0.0763888888888889
0 0.572265625 0.4215277777777778 0.06640625 0.08194444444444444
0 0.54453125 0.375 0.051562500000000004 0.058333333333333334
0 0.5453125 0.33333333333333337 0.051562500000000004 0.05555555555555556
0 0.49843750000000003 0.36736111111111114 0.05 0.05416666666666667
0 0.49921875000000004 0.3284722222222222 0.05 0.051388888888888894
3 0.2515625 0.3090277777777778 0.07500000000000001 0.1375
3 0.654296875 0.31736111111111115 0.13203125000000002 0.1513888888888889
2 0.7015625000000001 0.45972222222222225 0.15781250000000002 0.18055555555555555
