1 0.22578125000000002 0.2798611111111111 0.16562500000000002 0.2791666666666667
2 0.535546875 0.4388888888888889 0.14765625000000002 0.16666666666666669
0 0.366015625 0.41805555555555557 0.055468750000000004 0.07777777777777778
0 0.148828125 0.4673611111111111 0.07265625 0.10416666666666667
0 0.25859375 0.5805555555555556 0.09062500000000001 0.17222222222222222
0 0.25703125 0.48541666666666666 0.0921875 0.15694444444444444
0 0.38007812500000004 0.5750000000000001 0.10234375000000001 0.16944444444444445
0 0.38007812500000004 0.48125 0.10390625 0.15416666666666667
3 0.825390625 0.39722222222222225 0.25546875 0.28611111111111115
3 0.117578125 0.6520833333333333 0.23515625 0.6958333333333334
2 0.046875 0.4173611111111111 0.09375 0.14583333333333334
