1 0.10507812500000001 0.3041666666666667 0.21015625000000002 0.4861111111111111
2 0.539453125 0.39166666666666666 0.10703125000000001 0.18333333333333335
0 0.37109375 0.42083333333333334 0.078125 0.1388888888888889
0 0.31640625 0.7840277777777778 0.09375 0.1763888888888889
0 0.5417968750000001 0.8805555555555555 0.10703125000000001 0.18888888888888888
0 0.5515625000000001 0.8694444444444445 0.11406250000000001 0.19722222222222224
0 0.585546875 0.7770833333333333 0.10546875 0.1763888888888889
0 0.59765625 0.7604166666666667 0.11093750000000001 0.18472222222222223
3 0.68671875 0.18819444444444444 0.2 0.26805555555555555
2 0.13125 0.8388888888888889 0.1609375 0.23055555555555557
