1 0.13515625 0.28194444444444444 0.2015625 0.35000000000000003
2 0.5574218750000001 0.4076388888888889 0.11796875000000001 0.14305555555555557
0 0.37031250000000004 0.41805555555555557 0.07968750000000001 0.08333333333333334
0 0.23164062500000002 0.5118055555555556 0.11015625000000001 0.14027777777777778
0 0.531640625 0.5902777777777778 0.16328125000000002 0.19444444444444445
0 0.534765625 0.48750000000000004 0.16640625 0.17500000000000002
0 0.6097656250000001 0.5520833333333334 0.15390625000000002 0.16805555555555557
0 0.61328125 0.45972222222222225 0.15625 0.15
3 0.72421875 0.33958333333333335 0.1953125 0.19861111111111113
3 0.779296875 0.6465277777777778 0.44140625 0.7069444444444445
2 0.051171875000000006 0.4826388888888889 0.10234375000000001 0.2152777777777778
