1 0.25039062500000003 0.2743055555555556 0.16015625 0.27361111111111114
2 0.526953125 0.45 0.15703125 0.18055555555555555
0 0.36445312500000004 0.41875 0.047656250000000004 0.07916666666666666
0 0.1296875 0.45625000000000004 0.084375 0.09861111111111112
0 0.17109375000000002 0.576388888888889 0.11875000000000001 0.16944444444444445
0 0.16757812500000002 0.47847222222222224 0.12109375 0.15416666666666667
0 0.290625 0.5805555555555556 0.09375 0.17222222222222222
0 0.28945312500000003 0.4826388888888889 0.09609375 0.15694444444444444
3 0.856640625 0.425 0.28671875 0.3472222222222222
2 0.046875 0.4013888888888889 0.09375 0.13611111111111113
