1 0.11289062500000001 0.24722222222222223 0.22578125000000002 0.4916666666666667
2 0.5476562500000001 0.4361111111111111 0.12187500000000001 0.20833333333333334
0 0.37031250000000004 0.42291666666666666 0.078125 0.14583333333333334
0 0.274609375 0.7736111111111111 0.09453125000000001 0.18888888888888888
0 0.49765625 0.9194444444444445 0.11093750000000001 0.16111111111111112
0 0.505859375 0.9118055555555555 0.11796875000000001 0.1763888888888889
0 0.556640625 0.85 0.11015625000000001 0.19722222222222224
0 0.5671875000000001 0.8354166666666667 0.1171875 0.20694444444444446
3 0.728125 0.2576388888888889 0.21875 0.2569444444444445
2 0.08671875000000001 0.775 0.1703125 0.2555555555555556
