1 0.211328125 0.14583333333333334 0.21953125 0.2916666666666667
2 0.51484375 0.6263888888888889 0.14375000000000002 0.2638888888888889
0 0.365234375 0.4326388888888889 0.05078125 0.13472222222222222
0 0.15781250000000002 0.6062500000000001 0.0671875 0.1513888888888889
0 0.2421875 0.9381944444444444 0.06875 0.12361111111111112
0 0.23515625 0.9305555555555556 0.0734375 0.1388888888888889
0 0.33125000000000004 0.9402777777777778 0.06406250000000001 0.11944444444444445
0 0.3296875 0.9333333333333333 0.0671875 0.13333333333333333
3 0.798828125 0.6729166666666667 0.28828125 0.41250000000000003
2 0.0546875 0.44583333333333336 0.109375 0.23333333333333334
