1 0.6019531250000001 0.3145833333333333 0.15859375 0.4430555555555556
3 0.6015625 0.3104166666666667 0.1171875 0.13472222222222222
2 0.19375 0.3861111111111111 0.109375 0.11388888888888889
0 0.347265625 0.4138888888888889 0.06953125 0.075
0 0.43007812500000003 0.37222222222222223 0.05859375 0.05555555555555556
0 0.31289062500000003 0.35625 0.047656250000000004 0.04861111111111111
0 0.31289062500000003 0.3201388888888889 0.047656250000000004 0.04583333333333334
0 0.27187500000000003 0.3611111111111111 0.0484375 0.05
0 0.271484375 0.3236111111111111 0.049218750000000006 0.04722222222222222
3 0.033203125 0.3625 0.06640625 0.21944444444444444
3 0.30625 0.2972222222222222 0.084375 0.11388888888888889
2 0.5437500000000001 0.36041666666666666 0.0859375 0.09305555555555556
