1 0.119140625 0.28958333333333336 0.19921875 0.3597222222222222
2 0.546875 0.39861111111111114 0.1046875 0.1277777777777778
0 0.37031250000000004 0.4166666666666667 0.07968750000000001 0.08055555555555556
0 0.28046875 0.5145833333333334 0.1171875 0.1375
0 0.5867187500000001 0.5625 0.15000000000000002 0.16944444444444445
0 0.590234375 0.4701388888888889 0.15234375 0.1513888888888889
0 0.6375000000000001 0.5243055555555556 0.13593750000000002 0.14305555555555557
0 0.6414062500000001 0.4416666666666667 0.1375 0.13055555555555556
3 0.6722656250000001 0.33333333333333337 0.16796875 0.18055555555555555
3 0.86484375 0.6458333333333334 0.2703125 0.7083333333333334
2 0.07109375 0.5006944444444444 0.1421875 0.22083333333333335
