1 0.30781250000000004 0.27569444444444446 0.1390625 0.24583333333333335
3 0.0 0.3451388888888889 0.0 0.19305555555555556
2 0.46796875000000004 0.46319444444444446 0.1328125 0.17916666666666667
0 0.358984375 0.41944444444444445 0.06015625 0.07777777777777778
0 0.13984375000000002 0.43125 0.084375 0.08472222222222223
0 0.083984375 0.5284722222222222 0.13046875 0.14027777777777778
0 0.08046875 0.4479166666666667 0.1328125 0.12638888888888888
0 0.164453125 0.5479166666666667 0.12734375 0.1513888888888889
0 0.16171875000000002 0.46319444444444446 0.1296875 0.1375
3 0.82421875 0.48888888888888893 0.3515625 0.4416666666666667
2 0.10546875 0.3784722222222222 0.08750000000000001 0.10694444444444445
