1 0.63203125 0.5506944444444445 0.2984375 0.5847222222222223
3 0.728125 0.09097222222222223 0.18125000000000002 0.18194444444444446
2 0.189453125 0.29305555555555557 0.12421875 0.2138888888888889
0 0.346484375 0.40069444444444446 0.06953125 0.1486111111111111
0 0.46953125 0.18888888888888888 0.0671875 0.125
0 0.341796875 0.06180555555555556 0.055468750000000004 0.1125
0 0.34101562500000004 0.04097222222222222 0.057031250000000006 0.08194444444444444
0 0.291015625 0.08194444444444444 0.055468750000000004 0.11388888888888889
0 0.288671875 0.052083333333333336 0.057031250000000006 0.10416666666666667
3 0.035546875 0.31875000000000003 0.07109375 0.3041666666666667
2 0.60859375 0.22361111111111112 0.125 0.20277777777777778
