1 0.501953125 0.2826388888888889 0.16171875000000002 0.2847222222222222
3 0.28164062500000003 0.3 0.08984375 0.11944444444444445
2 0.2109375 0.4513888888888889 0.1453125 0.17500000000000002
0 0.349609375 0.4173611111111111 0.07109375 0.07083333333333333
0 0.257421875 0.375 0.05390625 0.05277777777777778
0 0.101953125 0.3979166666666667 0.07421875 0.0625
0 0.1 0.3506944444444445 0.07500000000000001 0.059722222222222225
0 0.079296875 0.41597222222222224 0.08359375000000001 0.07083333333333333
0 0.07695312500000001 0.36388888888888893 0.08515625 0.06666666666666667
3 0.1234375 0.5972222222222222 0.246875 0.6444444444444445
3 0.0234375 0.3368055555555556 0.046875 0.18194444444444446
2 0.32265625000000003 0.3416666666666667 0.0765625 0.08055555555555556
