1 0.17265625 0.28541666666666665 0.18281250000000002 0.30972222222222223
2 0.548828125 0.41875 0.12734375 0.14583333333333334
0 0.36875 0.41805555555555557 0.0703125 0.08055555555555556
0 0.201953125 0.4930555555555556 0.08515625 0.12222222222222223
0 0.43203125000000003 0.5840277777777778 0.1375 0.18194444444444446
0 0.433203125 0.48888888888888893 0.13984375000000002 0.1638888888888889
0 0.5281250000000001 0.5583333333333333 0.1390625 0.1638888888888889
0 0.530859375 0.46944444444444444 0.14140625 0.14722222222222223
3 0.7507812500000001 0.3576388888888889 0.20625000000000002 0.2152777777777778
3 0.55703125 0.6583333333333333 0.8859375 0.6833333333333333
2 0.050390625 0.4548611111111111 0.10078125 0.17916666666666667
