1 0.21992187500000002 0.27708333333333335 0.16953125000000002 0.28750000000000003
2 0.5421875 0.4388888888888889 0.15156250000000002 0.16944444444444445
0 0.366796875 0.41875 0.05859375 0.07916666666666666
0 0.144921875 0.4708333333333333 0.07421875 0.10833333333333334
0 0.268359375 0.5888888888888889 0.09453125000000001 0.18333333333333335
0 0.26640625 0.48958333333333337 0.096875 0.16527777777777777
0 0.39296875000000003 0.5819444444444445 0.11093750000000001 0.17777777777777778
0 0.393359375 0.4847222222222222 0.11328125 0.16111111111111112
3 0.83515625 0.39375 0.26406250000000003 0.28750000000000003
3 0.133203125 0.6486111111111111 0.26640625 0.7027777777777778
2 0.043359375000000006 0.4201388888888889 0.08671875000000001 0.1513888888888889
