1 0.252734375 0.12847222222222224 0.19609375 0.2569444444444445
2 0.483984375 0.6597222222222222 0.12890625 0.25
0 0.36171875000000003 0.4340277777777778 0.05 0.13194444444444445
0 0.152734375 0.5430555555555556 0.07421875 0.14444444444444446
0 0.18906250000000002 0.9020833333333333 0.084375 0.18194444444444446
0 0.180078125 0.8902777777777778 0.08984375 0.19166666666666668
0 0.267578125 0.9208333333333334 0.07578125000000001 0.15833333333333333
0 0.26210937500000003 0.9131944444444445 0.08046875 0.1736111111111111
3 0.769140625 0.7854166666666667 0.30078125 0.4291666666666667
2 0.072265625 0.36875 0.09921875000000001 0.20694444444444446
