1 0.11171875 0.24791666666666667 0.2234375 0.49583333333333335
2 0.548046875 0.4354166666666667 0.12265625000000001 0.20972222222222223
0 0.37031250000000004 0.42291666666666666 0.078125 0.1486111111111111
0 0.275390625 0.7784722222222222 0.09453125000000001 0.1875
0 0.498046875 0.9215277777777778 0.11015625000000001 0.15694444444444444
0 0.50625 0.9145833333333334 0.1171875 0.17083333333333334
0 0.556640625 0.8520833333333334 0.11015625000000001 0.19583333333333333
0 0.56796875 0.8395833333333333 0.1171875 0.20694444444444446
3 0.7296875 0.2534722222222222 0.22031250000000002 0.25972222222222224
2 0.08671875000000001 0.78125 0.1703125 0.25416666666666665
