1 0.115625 0.30069444444444443 0.1859375 0.35694444444444445
3 0.0 0.65 0.0 0.7000000000000001
2 0.5320312500000001 0.39166666666666666 0.096875 0.11388888888888889
0 0.37031250000000004 0.4166666666666667 0.0765625 0.075
0 0.327734375 0.5104166666666667 0.11328125 0.12638888888888888
0 0.611328125 0.5319444444444444 0.12578125 0.1388888888888889
0 0.615234375 0.4513888888888889 0.12734375 0.1277777777777778
0 0.640625 0.4979166666666667 0.1125 0.11805555555555557
0 0.644140625 0.4256944444444445 0.11328125 0.10972222222222222
3 0.6238281250000001 0.33055555555555555 0.14453125 0.1638888888888889
3 0.8972656250000001 0.6486111111111111 0.20546875 0.7027777777777778
2 0.09648437500000001 0.5104166666666667 0.19296875000000002 0.2125
