1 0.09335937500000001 0.31180555555555556 0.16796875 0.42083333333333334
3 0.203125 0.6555555555555556 0.40625 0.6888888888888889
2 0.503125 0.37777777777777777 0.1 0.10277777777777779
0 0.37031250000000004 0.41458333333333336 0.07187500000000001 0.07083333333333333
0 0.428515625 0.50625 0.10390625 0.11527777777777778
0 0.673828125 0.4861111111111111 0.11328125 0.10555555555555556
0 0.67734375 0.4166666666666667 0.11406250000000001 0.09722222222222222
0 0.6640625 0.45625000000000004 0.09843750000000001 0.09027777777777778
0 0.6671875 0.39375 0.1 0.08472222222222223
3 0.5417968750000001 0.3180555555555556 0.11484375000000001 0.14722222222222223
3 0.9593750000000001 0.5194444444444445 0.08125 0.4916666666666667
2 0.22617187500000002 0.5465277777777778 0.18359375 0.24861111111111112
