1 0.102734375 0.30069444444444443 0.20546875 0.5041666666666667
2 0.5457031250000001 0.3902777777777778 0.11015625000000001 0.18888888888888888
0 0.37148437500000003 0.4201388888888889 0.08046875 0.14305555555555557
0 0.314453125 0.7972222222222223 0.09921875000000001 0.18611111111111112
0 0.551953125 0.8979166666666667 0.11328125 0.19861111111111113
0 0.562890625 0.8861111111111112 0.12109375 0.20833333333333334
0 0.596875 0.788888888888889 0.11093750000000001 0.18611111111111112
0 0.6101562500000001 0.7715277777777778 0.1171875 0.19583333333333333
3 0.694921875 0.18333333333333335 0.20703125 0.275
2 0.119140625 0.8555555555555556 0.17109375000000002 0.24444444444444446
