1 0.23359375000000002 0.7513888888888889 0.3375 0.49722222222222223
3 0.868359375 0.9611111111111111 0.26328125 0.07777777777777778
2 0.38906250000000003 0.16944444444444445 0.0921875 0.18611111111111112
0 0.36484375 0.39722222222222225 0.07968750000000001 0.1388888888888889
0 0.56875 0.5472222222222223 0.09375 0.15555555555555556
0 0.6175781250000001 0.2965277777777778 0.08203125 0.12916666666666668
0 0.6277343750000001 0.2638888888888889 0.08515625 0.13333333333333333
0 0.575390625 0.22916666666666669 0.07734375 0.12222222222222223
0 0.583984375 0.19583333333333333 0.08046875 0.125
3 0.31171875000000004 0.0375 0.08125 0.075
3 0.819921875 0.20694444444444446 0.20546875 0.2972222222222222
2 0.6003906250000001 0.8388888888888889 0.14296875 0.29444444444444445
