1 0.19648437500000002 0.28402777777777777 0.17421875 0.29305555555555557
2 0.54453125 0.42708333333333337 0.1375 0.15416666666666667
0 0.36757812500000003 0.41875 0.06484375 0.07916666666666666
0 0.178125 0.48194444444444445 0.06875 0.11388888888888889
0 0.358203125 0.5854166666666667 0.11796875000000001 0.17916666666666667
0 0.358203125 0.48958333333333337 0.11953125 0.1625
0 0.467578125 0.5673611111111111 0.12734375 0.16805555555555557
0 0.46953125 0.4763888888888889 0.1296875 0.15
3 0.7820312500000001 0.3729166666666667 0.225 0.24027777777777778
3 0.310546875 0.6576388888888889 0.62109375 0.6847222222222222
2 0.048046875 0.4375 0.09609375 0.1638888888888889
