1 0.28515625 0.3375 0.3359375 0.6138888888888889
3 0.93671875 0.5027777777777778 0.1265625 0.47500000000000003
2 0.36250000000000004 0.3576388888888889 0.0734375 0.09305555555555556
0 0.36250000000000004 0.4118055555555556 0.07500000000000001 0.0763888888888889
0 0.579296875 0.43333333333333335 0.07890625000000001 0.08611111111111111
0 0.574609375 0.38333333333333336 0.06015625 0.061111111111111116
0 0.576171875 0.3388888888888889 0.06015625 0.058333333333333334
0 0.528515625 0.3729166666666667 0.057031250000000006 0.05694444444444444
0 0.5300781250000001 0.33263888888888893 0.057031250000000006 0.05416666666666667
3 0.290625 0.30694444444444446 0.06406250000000001 0.13333333333333333
3 0.71015625 0.325 0.146875 0.1638888888888889
2 0.690625 0.4840277777777778 0.15000000000000002 0.20694444444444446
