1 0.60703125 0.31527777777777777 0.2109375 0.5027777777777778
3 0.6605468750000001 0.31527777777777777 0.13046875 0.15
2 0.205859375 0.3784722222222222 0.10390625 0.1125
0 0.3484375 0.41250000000000003 0.065625 0.07777777777777778
0 0.45742187500000003 0.3736111111111111 0.05859375 0.058333333333333334
0 0.3453125 0.35347222222222224 0.045312500000000006 0.04861111111111111
0 0.3453125 0.31736111111111115 0.045312500000000006 0.04583333333333334
0 0.302734375 0.35694444444444445 0.04453125 0.05
0 0.30195312500000004 0.3194444444444445 0.04453125 0.04722222222222222
3 0.042578125 0.34861111111111115 0.08515625 0.20555555555555557
3 0.35273437500000004 0.2951388888888889 0.08828125 0.11527777777777778
2 0.58046875 0.36736111111111114 0.09843750000000001 0.10416666666666667
