1 0.478515625 0.2763888888888889 0.16171875000000002 0.28055555555555556
3 0.236328125 0.29930555555555555 0.09296875 0.12361111111111112
2 0.22968750000000002 0.4625 0.1609375 0.19166666666666668
0 0.35000000000000003 0.4173611111111111 0.078125 0.0763888888888889
0 0.23359375000000002 0.3784722222222222 0.059375000000000004 0.05694444444444444
0 0.070703125 0.41111111111111115 0.07890625000000001 0.07222222222222223
0 0.068359375 0.35833333333333334 0.08046875 0.06944444444444445
0 0.053515625000000004 0.43125 0.08984375 0.08194444444444444
0 0.050390625 0.3736111111111111 0.09140625000000001 0.07777777777777778
3 0.1703125 0.6354166666666667 0.340625 0.7291666666666667
3 0.0 0.3493055555555556 0.0 0.20972222222222223
2 0.291015625 0.3423611111111111 0.08046875 0.08472222222222223
