1 0.20234375000000002 0.28611111111111115 0.1703125 0.28611111111111115
2 0.539453125 0.42847222222222225 0.13515625 0.1513888888888889
0 0.36757812500000003 0.41875 0.06171875 0.0763888888888889
0 0.18085937500000002 0.47847222222222224 0.06484375 0.10972222222222222
0 0.34882812500000004 0.5777777777777778 0.11015625000000001 0.16944444444444445
0 0.34882812500000004 0.48680555555555555 0.11171875 0.15416666666666667
0 0.45546875000000003 0.5625 0.1203125 0.16111111111111112
0 0.45703125 0.4743055555555556 0.12187500000000001 0.14583333333333334
3 0.775390625 0.3763888888888889 0.21953125 0.2388888888888889
3 0.26406250000000003 0.6611111111111111 0.5281250000000001 0.6777777777777778
2 0.051171875000000006 0.4340277777777778 0.10234375000000001 0.15694444444444444
