1 0.6492187500000001 0.2625 0.23750000000000002 0.513888888888889
2 0.148828125 0.4916666666666667 0.13515625 0.18611111111111112
0 0.34296875000000004 0.4152777777777778 0.0859375 0.1388888888888889
0 0.342578125 0.13611111111111113 0.07109375 0.11111111111111112
0 0.17421875 0.13958333333333334 0.078125 0.1125
0 0.16718750000000002 0.10208333333333333 0.08125 0.11527777777777778
0 0.135546875 0.20347222222222222 0.08359375000000001 0.11805555555555557
0 0.1265625 0.16736111111111113 0.08750000000000001 0.12361111111111112
3 0.02890625 0.8048611111111111 0.0578125 0.3902777777777778
3 0.08359375000000001 0.034722222222222224 0.16562500000000002 0.06944444444444445
2 0.46132812500000003 0.0638888888888889 0.08984375 0.1277777777777778
