1 0.304296875 0.2743055555555556 0.14140625 0.24861111111111112
3 0.0 0.3451388888888889 0.0 0.19861111111111113
2 0.47421875 0.4625 0.1375 0.18333333333333335
0 0.358984375 0.4201388888888889 0.06015625 0.07916666666666666
0 0.135546875 0.43194444444444446 0.08671875000000001 0.08611111111111111
0 0.08085937500000001 0.5333333333333333 0.13515625 0.14444444444444446
0 0.0765625 0.45 0.1375 0.13055555555555556
0 0.16523437500000002 0.5534722222222223 0.13046875 0.15694444444444444
0 0.1625 0.46458333333333335 0.1328125 0.14305555555555557
3 0.830078125 0.4881944444444445 0.33984375 0.4486111111111111
2 0.098828125 0.37986111111111115 0.08984375 0.10972222222222222
