1 0.58046875 0.32222222222222224 0.30625 0.5861111111111111
3 0.783203125 0.3375 0.16796875 0.19166666666666668
2 0.244921875 0.3666666666666667 0.08515625 0.10555555555555556
0 0.35195312500000003 0.4118055555555556 0.049218750000000006 0.0763888888888889
0 0.5078125 0.3840277777777778 0.05625 0.0625
0 0.412890625 0.3548611111111111 0.03828125 0.04861111111111111
0 0.41328125000000004 0.31736111111111115 0.0390625 0.04583333333333334
0 0.36757812500000003 0.3548611111111111 0.03515625 0.04861111111111111
0 0.36796875 0.31736111111111115 0.035937500000000004 0.04583333333333334
3 0.07421875 0.3284722222222222 0.14375000000000002 0.1763888888888889
3 0.44765625000000003 0.2965277777777778 0.096875 0.12083333333333333
2 0.645703125 0.3888888888888889 0.12578125 0.125
