1 0.23046875 0.33611111111111114 0.33125000000000004 0.6305555555555555
3 0.94296875 0.5805555555555556 0.11406250000000001 0.6194444444444445
2 0.38671875 0.3576388888888889 0.07968750000000001 0.09583333333333334
0 0.36484375 0.4118055555555556 0.078125 0.0763888888888889
0 0.58359375 0.44722222222222224 0.0921875 0.09444444444444444
0 0.606640625 0.39305555555555555 0.06953125 0.06666666666666667
0 0.60859375 0.34652777777777777 0.0703125 0.0625
0 0.5609375 0.3805555555555556 0.065625 0.061111111111111116
0 0.5625 0.3368055555555556 0.065625 0.05694444444444444
3 0.32578125 0.3041666666666667 0.06406250000000001 0.13055555555555556
3 0.775 0.3354166666666667 0.16875 0.18194444444444446
2 0.6578125 0.5111111111111112 0.15156250000000002 0.2388888888888889
