1 0.1296875 0.6319444444444444 0.259375 0.6
2 0.46601562500000004 0.20972222222222223 0.11171875 0.19444444444444445
0 0.37031250000000004 0.40347222222222223 0.07500000000000001 0.1125
0 0.5183593750000001 0.70625 0.09921875000000001 0.13472222222222222
0 0.666015625 0.5027777777777778 0.10078125 0.11944444444444445
0 0.6800781250000001 0.47500000000000003 0.10703125000000001 0.125
0 0.6429687500000001 0.4013888888888889 0.09375 0.11111111111111112
0 0.65546875 0.37083333333333335 0.09843750000000001 0.11666666666666667
3 0.46210937500000004 0.050694444444444445 0.12265625000000001 0.10138888888888889
3 0.911328125 0.5798611111111112 0.17734375000000002 0.42083333333333334
2 0.444140625 0.925 0.17109375000000002 0.15
