1 0.45078125 0.27083333333333337 0.1609375 0.2777777777777778
3 0.18476562500000002 0.3 0.09609375 0.13055555555555556
2 0.25703125 0.47361111111111115 0.171875 0.2111111111111111
0 0.350390625 0.41875 0.08359375000000001 0.08194444444444444
0 0.205859375 0.3840277777777778 0.06796875000000001 0.0625
0 0.041015625 0.42708333333333337 0.08203125 0.08472222222222223
0 0.039453125000000006 0.36875 0.07890625000000001 0.07916666666666666
0 0.039453125000000006 0.45208333333333334 0.07890625000000001 0.09861111111111112
0 0.037890625000000004 0.3861111111111111 0.07578125000000001 0.09166666666666667
3 0.25390625 0.63125 0.41875 0.7375
2 0.25429687500000003 0.34375 0.08515625 0.08750000000000001
