1 0.10898437500000001 0.5680555555555555 0.21796875000000002 0.6
2 0.49140625000000004 0.23333333333333334 0.1171875 0.19166666666666668
0 0.37109375 0.40625 0.0703125 0.09861111111111112
0 0.48867187500000003 0.7541666666666667 0.09453125000000001 0.11666666666666667
0 0.6707031250000001 0.5888888888888889 0.10390625 0.10833333333333334
0 0.68671875 0.5625 0.11093750000000001 0.11388888888888889
0 0.658203125 0.4756944444444445 0.09609375 0.10138888888888889
0 0.6722656250000001 0.4465277777777778 0.10234375000000001 0.10694444444444445
3 0.51484375 0.0625 0.1421875 0.125
3 0.9125000000000001 0.7555555555555555 0.17500000000000002 0.46944444444444444
2 0.37148437500000003 0.9409722222222222 0.17109375000000002 0.11805555555555557
