1 0.17148437500000002 0.16666666666666669 0.24296875 0.33333333333333337
2 0.5390625 0.5881944444444445 0.15156250000000002 0.26805555555555555
0 0.3671875 0.43125 0.0625 0.1486111111111111
0 0.172265625 0.6694444444444445 0.06796875000000001 0.17500000000000002
0 0.30546875 0.9576388888888889 0.08125 0.08472222222222223
0 0.30195312500000004 0.951388888888889 0.08671875000000001 0.09722222222222222
0 0.39765625000000004 0.9458333333333334 0.0859375 0.10833333333333334
0 0.400390625 0.9388888888888889 0.09140625000000001 0.12222222222222223
3 0.81640625 0.5583333333333333 0.2765625 0.37777777777777777
2 0.051953125 0.5305555555555556 0.10390625 0.25833333333333336
