1 0.094921875 0.3611111111111111 0.18984375 0.5027777777777778
2 0.5398437500000001 0.3451388888888889 0.109375 0.16527777777777777
0 0.37226562500000004 0.4173611111111111 0.08046875 0.13472222222222222
0 0.35976562500000003 0.8041666666666667 0.09921875000000001 0.17500000000000002
0 0.59609375 0.8291666666666667 0.109375 0.17777777777777778
0 0.608984375 0.8131944444444444 0.11640625 0.1875
0 0.6257812500000001 0.7118055555555556 0.1046875 0.16527777777777777
0 0.6394531250000001 0.6909722222222222 0.11015625000000001 0.1736111111111111
3 0.6527343750000001 0.12986111111111112 0.18984375 0.25972222222222224
2 0.16875 0.9069444444444444 0.15937500000000002 0.18611111111111112
