1 0.166015625 0.2826388888888889 0.18671875000000002 0.3180555555555556
2 0.553125 0.4173611111111111 0.1296875 0.1486111111111111
0 0.369140625 0.41805555555555557 0.07265625 0.08055555555555556
0 0.2 0.49722222222222223 0.0890625 0.1277777777777778
0 0.44375000000000003 0.5909722222222222 0.1453125 0.1902777777777778
0 0.444921875 0.4916666666666667 0.14765625000000002 0.17222222222222222
0 0.54140625 0.5631944444444444 0.1453125 0.17083333333333334
0 0.54453125 0.4701388888888889 0.1484375 0.15416666666666667
3 0.75546875 0.3548611111111111 0.2109375 0.21805555555555556
3 0.56953125 0.6541666666666667 0.8609375 0.6916666666666667
2 0.047265625000000006 0.45833333333333337 0.09453125000000001 0.18611111111111112
