1 0.385546875 0.2763888888888889 0.14296875 0.24722222222222223
3 0.091015625 0.31527777777777777 0.09609375 0.14444444444444446
2 0.346484375 0.47222222222222227 0.13359375 0.19166666666666668
0 0.35390625000000003 0.41944444444444445 0.0765625 0.07777777777777778
0 0.17421875 0.4013888888888889 0.07500000000000001 0.06944444444444445
0 0.046875 0.4638888888888889 0.09375 0.10277777777777779
0 0.045703125000000004 0.4 0.09140625000000001 0.09444444444444444
0 0.063671875 0.48958333333333337 0.11796875000000001 0.11805555555555557
0 0.06015625 0.41944444444444445 0.1203125 0.10833333333333334
3 0.6726562500000001 0.5902777777777778 0.4234375 0.6222222222222222
2 0.19257812500000002 0.35625 0.08515625 0.09027777777777778
