1 0.390625 0.27569444444444446 0.1453125 0.24861111111111112
3 0.09726562500000001 0.3138888888888889 0.09609375 0.14166666666666666
2 0.339453125 0.47361111111111115 0.13828125 0.19444444444444445
0 0.35390625000000003 0.41875 0.078125 0.07916666666666666
0 0.17539062500000002 0.3993055555555556 0.07578125000000001 0.06805555555555556
0 0.045312500000000006 0.4618055555555556 0.09062500000000001 0.10138888888888889
0 0.043750000000000004 0.39722222222222225 0.08750000000000001 0.09444444444444444
0 0.058203125 0.48750000000000004 0.11640625 0.11666666666666667
0 0.057031250000000006 0.4166666666666667 0.11406250000000001 0.10833333333333334
3 0.6628906250000001 0.6006944444444444 0.42734375 0.6458333333333334
2 0.19648437500000002 0.3548611111111111 0.08515625 0.09027777777777778
