1 0.40156250000000004 0.11527777777777778 0.19375 0.23055555555555557
3 0.05390625 0.07986111111111112 0.1078125 0.15972222222222224
2 0.343359375 0.7270833333333334 0.12109375 0.2625
0 0.35390625000000003 0.43333333333333335 0.078125 0.14444444444444446
0 0.168359375 0.3354166666666667 0.08203125 0.13472222222222222
0 0.0671875 0.6118055555555556 0.10312500000000001 0.16527777777777777
0 0.05390625 0.5875 0.1078125 0.17222222222222222
0 0.099609375 0.70625 0.10546875 0.1763888888888889
0 0.08671875000000001 0.6861111111111111 0.1125 0.18333333333333335
3 0.5421875 0.9756944444444445 0.24375000000000002 0.04861111111111111
2 0.17421875 0.14930555555555555 0.1015625 0.1763888888888889
