1 0.32460937500000003 0.1 0.18046875 0.2
3 0.01171875 0.17291666666666666 0.0234375 0.3125
2 0.421484375 0.7104166666666667 0.09453125000000001 0.22083333333333335
0 0.357421875 0.4340277777777778 0.06796875000000001 0.14583333333333334
0 0.14921875 0.4326388888888889 0.08281250000000001 0.14583333333333334
0 0.106640625 0.7673611111111112 0.10390625 0.18472222222222223
0 0.094140625 0.7493055555555556 0.11015625000000001 0.19305555555555556
0 0.16523437500000002 0.8409722222222222 0.10234375000000001 0.19305555555555556
0 0.1546875 0.826388888888889 0.1078125 0.20277777777777778
3 0.6921875000000001 0.8875000000000001 0.3125 0.225
3 0.0 0.9 0.0 0.2
2 0.113671875 0.24166666666666667 0.09765625 0.16666666666666669
