1 0.07695312500000001 0.30486111111111114 0.15390625000000002 0.5125000000000001
3 0.40703125 0.6416666666666667 0.8140625 0.7166666666666667
2 0.49609375 0.37083333333333335 0.1046875 0.10833333333333334
0 0.37031250000000004 0.4131944444444445 0.0734375 0.07361111111111111
0 0.4859375 0.5104166666666667 0.1125 0.12083333333333333
0 0.712109375 0.4729166666666667 0.12578125 0.10138888888888889
0 0.71640625 0.40069444444444446 0.12812500000000002 0.09583333333333334
0 0.685546875 0.4416666666666667 0.10703125000000001 0.08611111111111111
0 0.688671875 0.3784722222222222 0.10859375 0.08194444444444444
3 0.51484375 0.3090277777777778 0.11093750000000001 0.1486111111111111
3 0.99609375 0.48333333333333334 0.0078125 0.4666666666666667
2 0.302734375 0.5826388888888889 0.22109375 0.31527777777777777
