1 0.6644531250000001 0.39861111111111114 0.23671875 0.5972222222222222
3 0.6109375 0.014583333333333334 0.16875 0.029166666666666667
2 0.1484375 0.3854166666666667 0.1453125 0.21805555555555556
0 0.343359375 0.4076388888888889 0.08671875000000001 0.15972222222222224
0 0.40937500000000004 0.13819444444444445 0.0734375 0.12638888888888888
0 0.25078125 0.07083333333333333 0.0703125 0.11944444444444445
0 0.246875 0.04652777777777778 0.0734375 0.09305555555555556
0 0.20273437500000002 0.11527777777777778 0.07421875 0.125
0 0.19648437500000002 0.0763888888888889 0.07734375 0.1277777777777778
3 0.00859375 0.5618055555555556 0.0171875 0.3402777777777778
3 0.20859375000000002 0.0 0.13125 0.0
2 0.54453125 0.10902777777777778 0.10625000000000001 0.17916666666666667
