1 0.419921875 0.2729166666666667 0.15234375 0.2625
3 0.140625 0.30625 0.096875 0.13472222222222222
2 0.298828125 0.4743055555555556 0.15859375 0.20416666666666666
0 0.35234375 0.41944444444444445 0.08125 0.08055555555555556
0 0.18906250000000002 0.39166666666666666 0.07187500000000001 0.06666666666666667
0 0.041015625 0.44375000000000003 0.08203125 0.09305555555555556
0 0.039843750000000004 0.3826388888888889 0.07968750000000001 0.08750000000000001
0 0.046484375 0.46944444444444444 0.09296875 0.10833333333333334
0 0.045312500000000006 0.4013888888888889 0.09062500000000001 0.1
3 0.54140625 0.6361111111111112 0.3765625 0.7277777777777779
2 0.224609375 0.34861111111111115 0.08515625 0.08888888888888889
