1 0.503125 0.32569444444444445 0.3515625 0.6152777777777778
3 0.896484375 0.3784722222222222 0.20703125 0.2652777777777778
2 0.2921875 0.3597222222222222 0.06406250000000001 0.09722222222222222
0 0.35390625000000003 0.41111111111111115 0.059375000000000004 0.07777777777777778
0 0.551171875 0.4 0.047656250000000004 0.07222222222222223
0 0.48085937500000003 0.3611111111111111 0.03671875 0.05277777777777778
0 0.48164062500000004 0.32222222222222224 0.03671875 0.05
0 0.434375 0.3576388888888889 0.037500000000000006 0.051388888888888894
0 0.43476562500000004 0.3194444444444445 0.03828125 0.04722222222222222
3 0.16367187500000002 0.3145833333333333 0.10546875 0.15416666666666667
3 0.55 0.3027777777777778 0.1125 0.13333333333333333
2 0.696875 0.41944444444444445 0.153125 0.15
