1 0.099609375 0.30486111111111114 0.18203125 0.38472222222222224
3 0.062109375 0.6527777777777778 0.12421875 0.6944444444444444
2 0.519140625 0.38333333333333336 0.09921875000000001 0.10555555555555556
0 0.370703125 0.4152777777777778 0.07578125000000001 0.07222222222222223
0 0.38125000000000003 0.5111111111111112 0.1125 0.12222222222222223
0 0.654296875 0.5090277777777777 0.11328125 0.12083333333333333
0 0.658203125 0.4340277777777778 0.11484375000000001 0.1125
0 0.661328125 0.4756944444444445 0.10078125 0.10416666666666667
0 0.6648437500000001 0.40902777777777777 0.1015625 0.09583333333333334
3 0.581640625 0.3229166666666667 0.12890625 0.15416666666666667
3 0.9437500000000001 0.5930555555555556 0.1125 0.6222222222222222
2 0.1484375 0.5298611111111111 0.19687500000000002 0.22361111111111112
