1 0.5574218750000001 0.18194444444444446 0.23046875 0.36388888888888893
3 0.27968750000000003 0.0 0.125 0.0
2 0.20429687500000002 0.638888888888889 0.14609375 0.25833333333333336
0 0.346484375 0.42430555555555555 0.07265625 0.10694444444444445
0 0.252734375 0.18541666666666667 0.06328125 0.09027777777777778
0 0.0890625 0.30208333333333337 0.08125 0.09861111111111112
0 0.07773437500000001 0.26944444444444443 0.08515625 0.10277777777777779
0 0.07265625 0.39305555555555555 0.08750000000000001 0.10555555555555556
0 0.06015625 0.3611111111111111 0.0921875 0.10833333333333334
3 0.12265625000000001 0.951388888888889 0.24531250000000002 0.09722222222222222
3 0.0125 0.1638888888888889 0.025 0.3277777777777778
2 0.330859375 0.06597222222222222 0.09453125000000001 0.13194444444444445
