1 0.142578125 0.19236111111111112 0.25078125 0.38472222222222224
2 0.5484375 0.5368055555555555 0.1453125 0.2513888888888889
0 0.369140625 0.4291666666666667 0.06953125 0.15
0 0.2015625 0.7152777777777778 0.07968750000000001 0.18611111111111112
0 0.37539062500000003 0.9541666666666667 0.09609375 0.09166666666666667
0 0.3765625 0.9479166666666667 0.1015625 0.10416666666666667
0 0.459765625 0.9291666666666667 0.10078125 0.14166666666666666
0 0.46640625 0.9215277777777778 0.1078125 0.15694444444444444
3 0.8 0.44236111111111115 0.2515625 0.3236111111111111
2 0.058984375000000006 0.6159722222222223 0.11796875000000001 0.2652777777777778
