1 0.09609375 0.49722222222222223 0.1921875 0.5555555555555556
2 0.5066406250000001 0.2673611111111111 0.11484375000000001 0.17916666666666667
0 0.370703125 0.40902777777777777 0.07265625 0.10972222222222222
0 0.44570312500000003 0.7736111111111111 0.08828125 0.13611111111111113
0 0.6507812500000001 0.6638888888888889 0.096875 0.1277777777777778
0 0.665234375 0.6409722222222223 0.10390625 0.13472222222222222
0 0.650390625 0.5486111111111112 0.09140625000000001 0.11944444444444445
0 0.6640625 0.5222222222222223 0.096875 0.125
3 0.55703125 0.08263888888888889 0.1546875 0.16527777777777777
3 0.892578125 0.8381944444444445 0.21484375 0.3236111111111111
2 0.30117187500000003 0.9340277777777778 0.15078125 0.13194444444444445
