1 0.08515625 0.3027777777777778 0.1703125 0.44722222222222224
3 0.18828125 0.6465277777777778 0.3765625 0.7069444444444445
2 0.51171875 0.3763888888888889 0.1046875 0.10833333333333334
0 0.370703125 0.41458333333333336 0.07578125000000001 0.07361111111111111
0 0.42890625000000004 0.5145833333333334 0.1125 0.12638888888888888
0 0.694921875 0.49375 0.12421875 0.11527777777777778
0 0.69921875 0.41875 0.1265625 0.10694444444444445
0 0.68359375 0.46111111111111114 0.1078125 0.09722222222222222
0 0.687109375 0.3944444444444445 0.10859375 0.09166666666666667
3 0.55234375 0.31527777777777777 0.1203125 0.1527777777777778
3 0.9875 0.5458333333333334 0.025 0.5666666666666667
2 0.2 0.5590277777777778 0.20468750000000002 0.27361111111111114
