1 0.353125 0.8 0.3453125 0.4
3 0.896484375 0.7854166666666667 0.20703125 0.4291666666666667
2 0.3328125 0.16041666666666668 0.078125 0.1763888888888889
0 0.35976562500000003 0.3944444444444445 0.07578125000000001 0.15
0 0.578515625 0.4388888888888889 0.07890625000000001 0.15555555555555556
0 0.56875 0.18819444444444444 0.0671875 0.12638888888888888
0 0.5765625 0.1527777777777778 0.0703125 0.13055555555555556
0 0.5183593750000001 0.14305555555555557 0.06484375 0.12222222222222223
0 0.5242187500000001 0.10694444444444445 0.0671875 0.125
3 0.21601562500000002 0.05694444444444444 0.11484375000000001 0.11388888888888889
3 0.721875 0.09305555555555556 0.1875 0.18611111111111112
2 0.673828125 0.6875 0.13515625 0.25
