1 0.53125 0.28125 0.16875 0.30694444444444446
3 0.32265625000000003 0.2972222222222222 0.0921875 0.11944444444444445
2 0.18671875000000002 0.4430555555555556 0.13593750000000002 0.16944444444444445
0 0.347265625 0.4166666666666667 0.06953125 0.06944444444444445
0 0.27773437500000003 0.3701388888888889 0.055468750000000004 0.051388888888888894
0 0.121484375 0.3875 0.07265625 0.058333333333333334
0 0.11953125 0.3416666666666667 0.0734375 0.05555555555555556
0 0.09257812500000001 0.40347222222222223 0.08203125 0.06527777777777778
0 0.090234375 0.35347222222222224 0.08359375000000001 0.0625
3 0.07578125000000001 0.5743055555555556 0.15156250000000002 0.6180555555555556
3 0.041796875000000004 0.325 0.08359375000000001 0.16666666666666669
2 0.353515625 0.3402777777777778 0.07578125000000001 0.08055555555555556
