1 0.6042968750000001 0.30972222222222223 0.13359375 0.39722222222222225
3 0.5457031250000001 0.30694444444444446 0.10703125000000001 0.125
2 0.18125000000000002 0.3944444444444445 0.11406250000000001 0.11666666666666667
0 0.3453125 0.4138888888888889 0.0734375 0.075
0 0.401953125 0.3701388888888889 0.057031250000000006 0.05416666666666667
0 0.27890625 0.3590277777777778 0.051562500000000004 0.04861111111111111
0 0.278125 0.3229166666666667 0.051562500000000004 0.04583333333333334
0 0.2390625 0.36597222222222225 0.053125000000000006 0.051388888888888894
0 0.238671875 0.3277777777777778 0.05390625 0.05
3 0.0234375 0.3826388888888889 0.046875 0.24583333333333335
3 0.25820312500000003 0.30069444444444443 0.08359375000000001 0.11527777777777778
2 0.50703125 0.3541666666666667 0.0734375 0.08611111111111111
