1 0.5296875 0.15972222222222224 0.234375 0.3194444444444445
3 0.213671875 0.0020833333333333333 0.13203125000000002 0.004166666666666667
2 0.22421875000000002 0.6923611111111111 0.15781250000000002 0.28750000000000003
0 0.34687500000000004 0.42847222222222225 0.08125 0.12638888888888888
0 0.22187500000000002 0.20625000000000002 0.07187500000000001 0.10694444444444445
0 0.058203125 0.36944444444444446 0.08515625 0.12222222222222223
0 0.04453125 0.3368055555555556 0.0890625 0.12638888888888888
0 0.05078125 0.4701388888888889 0.09062500000000001 0.12916666666666668
0 0.041796875000000004 0.4395833333333333 0.08359375000000001 0.13472222222222222
2 0.286328125 0.06875 0.10078125 0.1375
