1 0.296875 0.10694444444444445 0.1859375 0.2138888888888889
3 0.0 0.24583333333333335 0.0 0.33611111111111114
2 0.44921875 0.7020833333333334 0.1125 0.23750000000000002
0 0.358984375 0.4354166666666667 0.06328125 0.14305555555555557
0 0.144921875 0.47847222222222224 0.08203125 0.1486111111111111
0 0.132421875 0.8354166666666667 0.09921875000000001 0.1875
0 0.1203125 0.8208333333333334 0.10625000000000001 0.19722222222222224
0 0.201171875 0.8958333333333334 0.09453125000000001 0.19444444444444445
0 0.1921875 0.8847222222222223 0.1015625 0.20555555555555557
3 0.7351562500000001 0.8534722222222223 0.31875000000000003 0.29305555555555557
3 0.000390625 0.9743055555555556 0.00078125 0.051388888888888894
2 0.08984375 0.28611111111111115 0.09531250000000001 0.18611111111111112
