1 0.596875 0.2111111111111111 0.23593750000000002 0.4222222222222222
2 0.17929687500000002 0.5840277777777778 0.13359375 0.22916666666666669
0 0.34375 0.42083333333333334 0.07500000000000001 0.11111111111111112
0 0.287109375 0.15625 0.06640625 0.09305555555555556
0 0.11953125 0.2263888888888889 0.08125 0.09722222222222222
0 0.109765625 0.19166666666666668 0.08515625 0.10277777777777779
0 0.09296875 0.30833333333333335 0.08750000000000001 0.10277777777777779
0 0.08203125 0.275 0.0921875 0.10833333333333334
3 0.08125 0.8993055555555556 0.1625 0.2013888888888889
3 0.039453125000000006 0.10277777777777779 0.07890625000000001 0.20555555555555557
2 0.38398437500000004 0.059722222222222225 0.09296875 0.11944444444444445
