1 0.12617187500000002 0.6111111111111112 0.25234375000000003 0.5722222222222223
2 0.470703125 0.21875 0.11015625000000001 0.1902777777777778
0 0.370703125 0.4041666666666667 0.07109375 0.10555555555555556
0 0.505078125 0.7118055555555556 0.09453125000000001 0.12361111111111112
0 0.658203125 0.5236111111111111 0.09765625 0.11111111111111112
0 0.671875 0.4979166666666667 0.10312500000000001 0.11805555555555557
0 0.63984375 0.42083333333333334 0.09062500000000001 0.10555555555555556
0 0.6515625 0.3923611111111111 0.09531250000000001 0.10972222222222222
3 0.47578125000000004 0.05416666666666667 0.1265625 0.10833333333333334
3 0.9031250000000001 0.6215277777777778 0.19375 0.4152777777777778
2 0.42109375000000004 0.9229166666666667 0.1625 0.15416666666666667
