1 0.6375000000000001 0.30694444444444446 0.20625000000000002 0.49722222222222223
3 0.50703125 0.001388888888888889 0.1421875 0.002777777777777778
2 0.16171875000000002 0.45972222222222225 0.12812500000000002 0.18055555555555555
0 0.34414062500000003 0.4131944444444445 0.08046875 0.1375
0 0.361328125 0.14444444444444446 0.06796875000000001 0.11111111111111112
0 0.20273437500000002 0.1277777777777778 0.07265625 0.11111111111111112
0 0.19687500000000002 0.09305555555555556 0.07500000000000001 0.11388888888888889
0 0.16367187500000002 0.18541666666666667 0.07734375 0.11527777777777778
0 0.15585937500000002 0.1513888888888889 0.08046875 0.11944444444444445
3 0.031640625 0.7368055555555556 0.06328125 0.38472222222222224
3 0.128515625 0.02361111111111111 0.14765625000000002 0.04722222222222222
2 0.479296875 0.07916666666666666 0.08515625 0.14444444444444446
