1 0.465625 0.2729166666666667 0.1625 0.28194444444444444
3 0.2109375 0.3 0.09531250000000001 0.1277777777777778
2 0.23984375000000002 0.46875 0.16875 0.20416666666666666
0 0.35000000000000003 0.41875 0.08125 0.07916666666666666
0 0.21875 0.3805555555555556 0.06406250000000001 0.061111111111111116
0 0.051562500000000004 0.41805555555555557 0.08281250000000001 0.07777777777777778
0 0.0484375 0.36319444444444443 0.084375 0.07361111111111111
0 0.0421875 0.44097222222222227 0.084375 0.09027777777777778
0 0.041015625 0.37986111111111115 0.08203125 0.08472222222222223
3 0.19882812500000002 0.6326388888888889 0.39765625000000004 0.7347222222222223
2 0.27265625 0.34305555555555556 0.08281250000000001 0.08611111111111111
