1 0.094921875 0.3055555555555556 0.18203125 0.39722222222222225
3 0.0921875 0.6527777777777778 0.184375 0.6944444444444444
2 0.516015625 0.38125000000000003 0.10078125 0.10416666666666667
0 0.369921875 0.4152777777777778 0.07578125000000001 0.07222222222222223
0 0.39296875000000003 0.5111111111111112 0.1125 0.12222222222222223
0 0.6640625 0.5034722222222222 0.1125 0.11805555555555557
0 0.66796875 0.42986111111111114 0.11406250000000001 0.10972222222222222
0 0.665625 0.4708333333333333 0.1 0.1
0 0.669140625 0.4048611111111111 0.10078125 0.09305555555555556
3 0.572265625 0.32083333333333336 0.12578125 0.1527777777777778
3 0.953125 0.576388888888889 0.09375 0.5972222222222222
2 0.16132812500000002 0.5361111111111111 0.19609375 0.23333333333333334
