1 0.49648437500000003 0.33958333333333335 0.30859375 0.5347222222222222
3 0.858984375 0.37430555555555556 0.21640625000000002 0.23472222222222222
2 0.290234375 0.36319444444444443 0.06328125 0.09305555555555556
0 0.35390625000000003 0.41111111111111115 0.053125000000000006 0.07222222222222223
0 0.5339843750000001 0.39861111111111114 0.04453125 0.06666666666666667
0 0.46640625 0.3625 0.0328125 0.05
0 0.46718750000000003 0.3263888888888889 0.0328125 0.04722222222222222
0 0.42265625 0.3597222222222222 0.034375 0.04722222222222222
0 0.42304687500000004 0.32430555555555557 0.03515625 0.04583333333333334
3 0.16367187500000002 0.3215277777777778 0.10390625 0.1486111111111111
3 0.52890625 0.30694444444444446 0.1046875 0.125
2 0.665234375 0.41458333333333336 0.13515625 0.13472222222222222
