1 0.314453125 0.09861111111111112 0.18671875000000002 0.19722222222222224
3 0.003515625 0.18888888888888888 0.00703125 0.3277777777777778
2 0.43203125000000003 0.7166666666666667 0.10312500000000001 0.23055555555555557
0 0.358203125 0.4340277777777778 0.06796875000000001 0.1486111111111111
0 0.143359375 0.4479166666666667 0.08515625 0.1486111111111111
0 0.109765625 0.8 0.10546875 0.18888888888888888
0 0.09648437500000001 0.7840277777777778 0.11171875 0.19861111111111113
0 0.17265625 0.8715277777777778 0.1015625 0.19861111111111113
0 0.162109375 0.8597222222222223 0.10859375 0.20833333333333334
3 0.7156250000000001 0.8833333333333334 0.325 0.23333333333333334
3 0.0 0.9326388888888889 0.0 0.13472222222222222
2 0.10039062500000001 0.25069444444444444 0.09921875000000001 0.1763888888888889
