1 0.21953125 0.1423611111111111 0.21406250000000002 0.2847222222222222
2 0.5066406250000001 0.63125 0.13828125 0.2569444444444445
0 0.36484375 0.43194444444444446 0.046875 0.13055555555555556
0 0.16015625 0.59375 0.0671875 0.14583333333333334
0 0.23554687500000002 0.9305555555555556 0.06953125 0.1388888888888889
0 0.228515625 0.9243055555555556 0.07421875 0.1513888888888889
0 0.3203125 0.9354166666666667 0.060937500000000006 0.12916666666666668
0 0.31757812500000004 0.9291666666666667 0.06484375 0.14166666666666666
3 0.784765625 0.6923611111111111 0.28359375000000003 0.40694444444444444
2 0.057421875000000004 0.43125 0.11484375000000001 0.2263888888888889
