1 0.53046875 0.16527777777777777 0.225 0.33055555555555555
3 0.232421875 0.0020833333333333333 0.12734375 0.004166666666666667
2 0.225 0.6708333333333334 0.1484375 0.26666666666666666
0 0.34687500000000004 0.4277777777777778 0.0765625 0.11666666666666667
0 0.2328125 0.20416666666666666 0.0671875 0.1
0 0.074609375 0.35347222222222224 0.07890625000000001 0.1125
0 0.062109375 0.32222222222222224 0.08359375000000001 0.11666666666666667
0 0.06640625 0.45 0.084375 0.11944444444444445
0 0.052734375 0.42083333333333334 0.08984375 0.125
3 0.15156250000000002 0.9798611111111112 0.30312500000000003 0.04027777777777778
3 0.0 0.24097222222222223 0.0 0.34305555555555556
2 0.2984375 0.06944444444444445 0.096875 0.1388888888888889
