1 0.37226562500000004 0.10138888888888889 0.20078125000000002 0.20277777777777778
3 0.026562500000000003 0.10208333333333333 0.053125000000000006 0.20416666666666666
2 0.37226562500000004 0.7506944444444444 0.11640625 0.2652777777777778
0 0.35468750000000004 0.4354166666666667 0.07968750000000001 0.15416666666666667
0 0.147265625 0.3680555555555556 0.08828125 0.14722222222222223
0 0.059375000000000004 0.6909722222222222 0.1125 0.18472222222222223
0 0.051953125 0.6708333333333334 0.10390625 0.19444444444444445
0 0.10429687500000001 0.7875 0.11484375000000001 0.19722222222222224
0 0.08984375 0.7708333333333334 0.12187500000000001 0.20833333333333334
3 0.62890625 0.9715277777777778 0.31093750000000003 0.05694444444444444
2 0.13828125 0.16597222222222222 0.1078125 0.18472222222222223
