1 0.605078125 0.5597222222222222 0.27890625 0.5333333333333333
3 0.7210937500000001 0.10625 0.171875 0.2125
2 0.203515625 0.28958333333333336 0.11484375000000001 0.2013888888888889
0 0.34765625 0.4 0.0625 0.1388888888888889
0 0.46992187500000004 0.20416666666666666 0.06328125 0.11944444444444445
0 0.35195312500000003 0.07291666666666667 0.05078125 0.10694444444444445
0 0.35195312500000003 0.04722222222222222 0.05234375 0.09444444444444444
0 0.30312500000000003 0.09027777777777778 0.051562500000000004 0.10833333333333334
0 0.3015625 0.05694444444444444 0.053125000000000006 0.11111111111111112
3 0.046484375 0.3027777777777778 0.09296875 0.28611111111111115
3 0.36562500000000003 0.0 0.1171875 0.0
2 0.601171875 0.24583333333333335 0.11953125 0.19444444444444445
