1 0.6058593750000001 0.48680555555555555 0.23203125000000002 0.5125000000000001
3 0.65390625 0.06597222222222222 0.1546875 0.13194444444444445
2 0.19257812500000002 0.33472222222222225 0.11640625 0.19444444444444445
0 0.346484375 0.4041666666666667 0.06796875000000001 0.13611111111111113
0 0.43867187500000004 0.18680555555555556 0.06328125 0.11527777777777778
0 0.311328125 0.08888888888888889 0.055468750000000004 0.10555555555555556
0 0.30976562500000004 0.05625 0.057031250000000006 0.10972222222222222
0 0.26601562500000003 0.11666666666666667 0.057031250000000006 0.10833333333333334
0 0.262890625 0.08402777777777778 0.05859375 0.1125
3 0.041015625 0.40555555555555556 0.08203125 0.25833333333333336
3 0.2984375 0.0 0.109375 0.0
2 0.562890625 0.19652777777777777 0.10546875 0.1763888888888889
