1 0.322265625 0.2791666666666667 0.13515625 0.23611111111111113
3 0.016015625000000002 0.33958333333333335 0.032031250000000004 0.1763888888888889
2 0.444921875 0.4625 0.11640625 0.17222222222222222
0 0.35781250000000003 0.41944444444444445 0.0625 0.075
0 0.150390625 0.42430555555555555 0.08046875 0.07916666666666666
0 0.079296875 0.5111111111111112 0.12265625000000001 0.125
0 0.07578125000000001 0.43680555555555556 0.125 0.11527777777777778
0 0.14609375 0.5319444444444444 0.1234375 0.1388888888888889
0 0.143359375 0.4534722222222222 0.12578125 0.12638888888888888
3 0.79609375 0.5013888888888889 0.37031250000000004 0.45
2 0.12734375 0.37430555555555556 0.084375 0.09861111111111112
