1 0.594921875 0.30208333333333337 0.14453125 0.3513888888888889
3 0.47890625000000003 0.3027777777777778 0.09843750000000001 0.11944444444444445
2 0.171875 0.40555555555555556 0.11875000000000001 0.12222222222222223
0 0.3453125 0.4152777777777778 0.07500000000000001 0.07222222222222223
0 0.366796875 0.36875 0.057031250000000006 0.051388888888888894
0 0.23515625 0.3652777777777778 0.05625 0.05
0 0.234375 0.3277777777777778 0.05625 0.04722222222222222
0 0.198046875 0.3729166666666667 0.06015625 0.05416666666666667
0 0.19687500000000002 0.3340277777777778 0.060937500000000006 0.051388888888888894
3 0.015625 0.41805555555555557 0.03125 0.3055555555555556
3 0.19609375 0.3055555555555556 0.0921875 0.12222222222222223
2 0.464453125 0.3479166666666667 0.06640625 0.07916666666666666
