1 0.1125 0.24444444444444446 0.225 0.48888888888888893
2 0.5535156250000001 0.4430555555555556 0.12734375 0.21666666666666667
0 0.37109375 0.42430555555555555 0.07968750000000001 0.1513888888888889
0 0.268359375 0.7840277777777778 0.09609375 0.19305555555555556
0 0.494921875 0.9305555555555556 0.11328125 0.1388888888888889
0 0.5027343750000001 0.9243055555555556 0.12109375 0.1513888888888889
0 0.556640625 0.8743055555555556 0.11328125 0.20416666666666666
0 0.56796875 0.8618055555555556 0.1203125 0.2152777777777778
3 0.743359375 0.26319444444444445 0.22890625 0.2625
2 0.08203125 0.7784722222222222 0.1640625 0.2625
