1 0.405078125 0.27708333333333335 0.14609375 0.2513888888888889
3 0.12460937500000001 0.3111111111111111 0.09453125000000001 0.13611111111111113
2 0.319921875 0.4715277777777778 0.14453125 0.19305555555555556
0 0.353125 0.41944444444444445 0.078125 0.07777777777777778
0 0.1859375 0.39583333333333337 0.07187500000000001 0.06666666666666667
0 0.046484375 0.4513888888888889 0.09296875 0.09444444444444444
0 0.045312500000000006 0.38958333333333334 0.09062500000000001 0.08750000000000001
0 0.056640625 0.4763888888888889 0.10859375 0.10833333333333334
0 0.054296875 0.4083333333333333 0.10859375 0.1
3 0.587109375 0.6020833333333333 0.37109375 0.6402777777777778
2 0.213671875 0.35208333333333336 0.08359375000000001 0.08750000000000001
