1 0.35273437500000004 0.09791666666666667 0.19609375 0.19583333333333333
3 0.0171875 0.12291666666666667 0.034375 0.24583333333333335
2 0.39101562500000003 0.7479166666666667 0.10546875 0.25416666666666665
0 0.35585937500000003 0.4361111111111111 0.07734375 0.15555555555555556
0 0.142578125 0.39305555555555555 0.08984375 0.15
0 0.069140625 0.7312500000000001 0.11328125 0.1902777777777778
0 0.057031250000000006 0.7125 0.11406250000000001 0.2
0 0.12070312500000001 0.8229166666666667 0.11328125 0.2013888888888889
0 0.107421875 0.8076388888888889 0.12109375 0.2125
3 0.6667968750000001 0.9486111111111112 0.32734375000000004 0.10277777777777779
2 0.123046875 0.18888888888888888 0.10703125000000001 0.18333333333333335
