1 0.34687500000000004 0.7680555555555556 0.2921875 0.375
3 0.872265625 0.7826388888888889 0.25546875 0.40972222222222227
2 0.338671875 0.17708333333333334 0.07265625 0.16527777777777777
0 0.36015625 0.39583333333333337 0.06875 0.13611111111111113
0 0.55859375 0.4430555555555556 0.0734375 0.14166666666666666
0 0.556640625 0.20833333333333334 0.06328125 0.11944444444444445
0 0.5632812500000001 0.17708333333333334 0.065625 0.12083333333333333
0 0.5109375 0.1638888888888889 0.060937500000000006 0.11388888888888889
0 0.5164062500000001 0.13194444444444445 0.0625 0.11666666666666667
3 0.23164062500000002 0.06319444444444444 0.10546875 0.12638888888888888
3 0.7015625000000001 0.10486111111111111 0.1703125 0.20972222222222223
2 0.6351562500000001 0.6708333333333334 0.11093750000000001 0.225
