1 0.12421875 0.21458333333333335 0.2484375 0.4291666666666667
2 0.55234375 0.49583333333333335 0.1390625 0.23611111111111113
0 0.37031250000000004 0.4277777777777778 0.07500000000000001 0.1527777777777778
0 0.23007812500000002 0.75 0.08828125 0.18888888888888888
0 0.43085937500000004 0.9472222222222223 0.10390625 0.10555555555555556
0 0.43515625 0.9409722222222222 0.11093750000000001 0.11805555555555557
0 0.50546875 0.9125000000000001 0.1078125 0.17500000000000002
0 0.5140625 0.9048611111111111 0.115625 0.1902777777777778
3 0.7765625 0.35833333333333334 0.2421875 0.2833333333333333
2 0.068359375 0.6902777777777778 0.13671875 0.26666666666666666
