1 0.5964843750000001 0.6333333333333333 0.32109375 0.5416666666666667
3 0.7859375000000001 0.16458333333333333 0.2015625 0.2986111111111111
2 0.21953125 0.24930555555555556 0.109375 0.20416666666666666
0 0.35000000000000003 0.3965277777777778 0.05625 0.1375
0 0.500390625 0.22847222222222224 0.06171875 0.12083333333333333
0 0.39492187500000003 0.06736111111111111 0.047656250000000004 0.10694444444444445
0 0.39609375 0.043055555555555555 0.0484375 0.08611111111111111
0 0.34296875000000004 0.07430555555555556 0.045312500000000006 0.10694444444444445
0 0.34218750000000003 0.04722222222222222 0.046875 0.09444444444444444
3 0.05625 0.2111111111111111 0.1125 0.3055555555555556
3 0.43359375 0.0 0.1265625 0.0
2 0.63671875 0.30625 0.1328125 0.2125
