1 0.397265625 0.10486111111111111 0.21171875 0.20972222222222223
3 0.0390625 0.07569444444444445 0.078125 0.1513888888888889
2 0.34882812500000004 0.7666666666666667 0.13203125000000002 0.28611111111111115
0 0.353125 0.4361111111111111 0.084375 0.15833333333333333
0 0.1484375 0.33819444444444446 0.09062500000000001 0.1486111111111111
0 0.048828125 0.6513888888888889 0.09765625 0.18333333333333335
0 0.0421875 0.6284722222222222 0.084375 0.19305555555555556
0 0.07773437500000001 0.7569444444444444 0.11953125 0.19722222222222224
0 0.0625 0.7381944444444445 0.125 0.20694444444444446
2 0.15195312500000002 0.13333333333333333 0.11171875 0.19166666666666668
