1 0.515234375 0.2847222222222222 0.16171875000000002 0.2888888888888889
3 0.30507812500000003 0.29930555555555555 0.08984375 0.11805555555555557
2 0.2015625 0.44583333333333336 0.13593750000000002 0.16666666666666669
0 0.34921875 0.4166666666666667 0.0671875 0.06944444444444445
0 0.2703125 0.3729166666666667 0.053125000000000006 0.051388888888888894
0 0.11796875000000001 0.39305555555555555 0.07187500000000001 0.058333333333333334
0 0.11601562500000001 0.3472222222222222 0.07265625 0.05555555555555556
0 0.09257812500000001 0.40902777777777777 0.08046875 0.06527777777777778
0 0.09062500000000001 0.3590277777777778 0.08125 0.0625
3 0.10039062500000001 0.5722222222222223 0.20078125000000002 0.5916666666666667
3 0.036328125 0.33125 0.07265625 0.17083333333333334
2 0.34023437500000003 0.3423611111111111 0.07578125000000001 0.07916666666666666
