1 0.585546875 0.29305555555555557 0.16015625 0.3388888888888889
3 0.435546875 0.29930555555555555 0.09609375 0.11805555555555557
2 0.16367187500000002 0.41458333333333336 0.12265625000000001 0.13194444444444445
0 0.34492187500000004 0.41597222222222224 0.07734375 0.07361111111111111
0 0.34140625 0.36736111111111114 0.0578125 0.051388888888888894
0 0.201171875 0.36944444444444446 0.06171875 0.05277777777777778
0 0.20039062500000002 0.32916666666666666 0.06171875 0.05
0 0.16523437500000002 0.37986111111111115 0.06640625 0.05694444444444444
0 0.1640625 0.3368055555555556 0.0671875 0.05416666666666667
3 0.008984375000000001 0.45208333333333334 0.017968750000000002 0.3791666666666667
3 0.144921875 0.30833333333333335 0.10546875 0.13333333333333333
2 0.43476562500000004 0.34305555555555556 0.06953125 0.07777777777777778
