1 0.6218750000000001 0.24930555555555556 0.22031250000000002 0.4847222222222222
2 0.16523437500000002 0.5104166666666667 0.12109375 0.18472222222222223
0 0.34375 0.4166666666666667 0.07968750000000001 0.1277777777777778
0 0.33046875000000003 0.14652777777777778 0.0671875 0.10416666666666667
0 0.16757812500000002 0.16458333333333333 0.07578125000000001 0.10694444444444445
0 0.160546875 0.12986111111111112 0.07890625000000001 0.10972222222222222
0 0.13359375 0.2326388888888889 0.08125 0.1125
0 0.12460937500000001 0.19930555555555557 0.08515625 0.11527777777777778
3 0.049218750000000006 0.8229166666666667 0.09843750000000001 0.3541666666666667
3 0.07578125000000001 0.05277777777777778 0.15156250000000002 0.10555555555555556
2 0.440234375 0.06527777777777778 0.08671875000000001 0.13055555555555556
