1 0.606640625 0.3076388888888889 0.12890625 0.3819444444444445
3 0.52578125 0.3055555555555556 0.1046875 0.12222222222222223
2 0.17890625000000002 0.3979166666666667 0.115625 0.11805555555555557
0 0.345703125 0.41458333333333336 0.07421875 0.07361111111111111
0 0.39179687500000004 0.36944444444444446 0.057031250000000006 0.05277777777777778
0 0.266796875 0.36041666666666666 0.05234375 0.04861111111111111
0 0.26640625 0.32430555555555557 0.053125000000000006 0.04583333333333334
0 0.22812500000000002 0.3680555555555556 0.0546875 0.05277777777777778
0 0.22734375 0.3298611111111111 0.0546875 0.04861111111111111
3 0.021484375 0.3909722222222222 0.04296875 0.25972222222222224
3 0.24140625000000002 0.3013888888888889 0.084375 0.11666666666666667
2 0.49375 0.3527777777777778 0.0703125 0.08333333333333334
