1 0.0921875 0.42986111111111114 0.184375 0.49583333333333335
2 0.51875 0.30694444444444446 0.1078125 0.16111111111111112
0 0.37148437500000003 0.4131944444444445 0.07421875 0.11805555555555557
0 0.401953125 0.7770833333333333 0.08984375 0.1486111111111111
0 0.612890625 0.7333333333333334 0.09453125000000001 0.14444444444444446
0 0.6253906250000001 0.7159722222222222 0.09921875000000001 0.1513888888888889
0 0.6277343750000001 0.6215277777777778 0.08984375 0.13472222222222222
0 0.640625 0.5993055555555555 0.09375 0.14027777777777778
3 0.598046875 0.10625 0.16640625 0.2125
3 0.8578125000000001 0.9215277777777778 0.284375 0.15694444444444444
2 0.240625 0.9173611111111112 0.13125 0.16527777777777777
