1 0.252734375 0.12083333333333333 0.20390625 0.24166666666666667
2 0.4859375 0.6819444444444445 0.134375 0.2611111111111111
0 0.36171875000000003 0.4354166666666667 0.0546875 0.14027777777777778
0 0.14140625 0.5409722222222222 0.07968750000000001 0.1513888888888889
0 0.17109375000000002 0.9131944444444445 0.0921875 0.1736111111111111
0 0.160546875 0.9055555555555556 0.09921875000000001 0.18888888888888888
0 0.252734375 0.9319444444444445 0.08359375000000001 0.13611111111111113
0 0.24609375 0.925 0.0890625 0.15
3 0.7894531250000001 0.8027777777777778 0.32734375000000004 0.3944444444444445
2 0.062109375 0.35347222222222224 0.10234375000000001 0.2125
