1 0.37031250000000004 0.3298611111111111 0.35468750000000004 0.6125
3 0.929296875 0.44097222222222227 0.14140625 0.3736111111111111
2 0.3328125 0.35625 0.065625 0.09305555555555556
0 0.358984375 0.41111111111111115 0.07109375 0.07777777777777778
0 0.57421875 0.41875 0.06406250000000001 0.08194444444444444
0 0.5390625 0.37222222222222223 0.05 0.058333333333333334
0 0.540625 0.33055555555555555 0.05 0.05555555555555556
0 0.49257812500000003 0.3652777777777778 0.049218750000000006 0.05555555555555556
0 0.49335937500000004 0.32569444444444445 0.049218750000000006 0.051388888888888894
3 0.240625 0.3090277777777778 0.07968750000000001 0.14027777777777778
3 0.64453125 0.3138888888888889 0.13125 0.15
2 0.7113281250000001 0.4548611111111111 0.16328125000000002 0.17916666666666667
