1 0.5140625 0.1527777777777778 0.2265625 0.3055555555555556
3 0.194140625 0.005555555555555556 0.13203125000000002 0.011111111111111112
2 0.23945312500000002 0.6979166666666667 0.15234375 0.28194444444444444
0 0.3484375 0.4291666666666667 0.08125 0.1277777777777778
0 0.21601562500000002 0.21736111111111112 0.07265625 0.10972222222222222
0 0.060546875 0.3944444444444445 0.08515625 0.125
0 0.047656250000000004 0.36388888888888893 0.0890625 0.13055555555555556
0 0.05859375 0.4965277777777778 0.09062500000000001 0.13472222222222222
0 0.04609375 0.46875 0.0921875 0.14027777777777778
2 0.2734375 0.07222222222222223 0.1015625 0.14444444444444446
