1 0.634375 0.3527777777777778 0.19375 0.5111111111111112
3 0.546875 0.0125 0.146875 0.025
2 0.164453125 0.425 0.12890625 0.18888888888888888
0 0.34375 0.4104166666666667 0.07968750000000001 0.14027777777777778
0 0.38203125000000004 0.14930555555555555 0.0671875 0.11527777777777778
0 0.22890625 0.11041666666666668 0.06875 0.10972222222222222
0 0.224609375 0.07569444444444445 0.07109375 0.11527777777777778
0 0.1875 0.16041666666666668 0.07187500000000001 0.11527777777777778
0 0.18125000000000002 0.12638888888888888 0.07500000000000001 0.11944444444444445
3 0.024609375000000003 0.64375 0.049218750000000006 0.34305555555555556
3 0.172265625 0.009027777777777779 0.13359375 0.018055555555555557
2 0.501953125 0.10208333333333333 0.08828125 0.15416666666666667
