1 0.538671875 0.28750000000000003 0.16328125000000002 0.3027777777777778
3 0.34687500000000004 0.2986111111111111 0.09062500000000001 0.11666666666666667
2 0.1859375 0.4361111111111111 0.1203125 0.15555555555555556
0 0.3453125 0.41597222222222224 0.06875 0.06805555555555556
0 0.292578125 0.37083333333333335 0.055468750000000004 0.05
0 0.14375000000000002 0.38333333333333336 0.06875 0.05555555555555556
0 0.1421875 0.3402777777777778 0.06875 0.05277777777777778
0 0.11406250000000001 0.39861111111111114 0.0765625 0.061111111111111116
0 0.11210937500000001 0.3513888888888889 0.07734375 0.058333333333333334
3 0.06171875 0.53125 0.1234375 0.5180555555555556
3 0.057031250000000006 0.32222222222222224 0.11406250000000001 0.15555555555555556
2 0.37031250000000004 0.3416666666666667 0.0734375 0.07777777777777778
