1 0.248828125 0.3451388888888889 0.30546875 0.5652777777777778
3 0.91953125 0.5416666666666667 0.1609375 0.5166666666666667
2 0.382421875 0.3597222222222222 0.07578125000000001 0.09166666666666667
0 0.36484375 0.41250000000000003 0.0734375 0.07222222222222223
0 0.5703125 0.44236111111111115 0.084375 0.08750000000000001
0 0.59140625 0.3923611111111111 0.065625 0.0625
0 0.59296875 0.3479166666666667 0.065625 0.059722222222222225
0 0.5484375 0.3805555555555556 0.060937500000000006 0.058333333333333334
0 0.5496093750000001 0.33958333333333335 0.06171875 0.05416666666666667
3 0.321875 0.30833333333333335 0.060937500000000006 0.1277777777777778
3 0.747265625 0.3368055555555556 0.15390625000000002 0.1736111111111111
2 0.637890625 0.4986111111111111 0.13359375 0.2138888888888889
