1 0.337890625 0.7784722222222222 0.30703125000000003 0.39583333333333337
3 0.876953125 0.8027777777777778 0.24609375 0.3944444444444445
2 0.341796875 0.17152777777777778 0.07578125000000001 0.17083333333333334
0 0.36054687500000004 0.39583333333333337 0.07109375 0.1388888888888889
0 0.563671875 0.45208333333333334 0.07578125000000001 0.14583333333333334
0 0.56484375 0.21041666666666667 0.065625 0.12083333333333333
0 0.572265625 0.17916666666666667 0.06796875000000001 0.125
0 0.5183593750000001 0.1638888888888889 0.06328125 0.11666666666666667
0 0.5242187500000001 0.13125 0.065625 0.12083333333333333
3 0.23593750000000002 0.058333333333333334 0.1046875 0.11666666666666667
3 0.716796875 0.1076388888888889 0.17734375000000002 0.2152777777777778
2 0.640625 0.6895833333333333 0.11406250000000001 0.23472222222222222
