1 0.09843750000000001 0.4979166666666667 0.19687500000000002 0.5375
2 0.5046875000000001 0.2701388888888889 0.1125 0.1763888888888889
0 0.370703125 0.40972222222222227 0.07109375 0.10833333333333334
0 0.44257812500000004 0.7666666666666667 0.08671875000000001 0.13055555555555556
0 0.641796875 0.6604166666666667 0.09296875 0.12361111111111112
0 0.655859375 0.6395833333333334 0.09921875000000001 0.12916666666666668
0 0.6429687500000001 0.5472222222222223 0.08750000000000001 0.11666666666666667
0 0.65625 0.5222222222222223 0.09375 0.12222222222222223
3 0.555859375 0.08263888888888889 0.15390625000000002 0.16527777777777777
3 0.884765625 0.8388888888888889 0.23046875 0.32222222222222224
2 0.30234375 0.9291666666666667 0.1453125 0.14166666666666666
