1 0.46406250000000004 0.12361111111111112 0.2234375 0.24722222222222223
3 0.0921875 0.025694444444444447 0.1453125 0.051388888888888894
2 0.28554687500000003 0.757638888888889 0.15390625000000002 0.30694444444444446
0 0.35000000000000003 0.4340277777777778 0.0890625 0.1513888888888889
0 0.17265625 0.26666666666666666 0.0859375 0.13333333333333333
0 0.041406250000000006 0.5201388888888889 0.08281250000000001 0.1625
0 0.034375 0.4916666666666667 0.06875 0.16944444444444445
0 0.05078125 0.6319444444444444 0.1015625 0.17500000000000002
0 0.044140625 0.607638888888889 0.08828125 0.18194444444444446
2 0.20703125 0.08611111111111111 0.11093750000000001 0.17222222222222222
