1 0.5710937500000001 0.6798611111111111 0.3515625 0.5347222222222222
3 0.8480468750000001 0.2451388888888889 0.24453125 0.34305555555555556
2 0.23359375000000002 0.19861111111111113 0.1015625 0.20277777777777778
0 0.34609375000000003 0.37777777777777777 0.046875 0.13333333333333333
0 0.5234375 0.24375000000000002 0.0578125 0.12083333333333333
0 0.43203125000000003 0.05625 0.043750000000000004 0.10416666666666667
0 0.434375 0.036111111111111115 0.045312500000000006 0.07222222222222223
0 0.37812500000000004 0.052083333333333336 0.0390625 0.10416666666666667
0 0.37890625 0.03402777777777778 0.040625 0.06805555555555556
3 0.06601562500000001 0.1375 0.13203125000000002 0.275
3 0.494921875 0.0 0.14140625 0.0
2 0.661328125 0.35833333333333334 0.14453125 0.22777777777777777
