1 0.626171875 0.37222222222222223 0.18828125 0.5083333333333333
3 0.562109375 0.01875 0.14765625000000002 0.0375
2 0.169921875 0.4118055555555556 0.12578125 0.1902777777777778
0 0.3453125 0.4104166666666667 0.078125 0.14027777777777778
0 0.39101562500000003 0.15555555555555556 0.06640625 0.11388888888888889
0 0.24179687500000002 0.1076388888888889 0.06640625 0.10972222222222222
0 0.23789062500000002 0.07361111111111111 0.06953125 0.11388888888888889
0 0.2 0.15416666666666667 0.0703125 0.11388888888888889
0 0.194140625 0.12152777777777778 0.07265625 0.11805555555555557
3 0.02734375 0.6055555555555556 0.0546875 0.3194444444444445
3 0.1921875 0.005555555555555556 0.1265625 0.011111111111111112
2 0.5109375 0.11597222222222223 0.09062500000000001 0.15694444444444444
