1 0.44960937500000003 0.33333333333333337 0.32578125 0.5611111111111111
3 0.9015625 0.40069444444444446 0.19687500000000002 0.2902777777777778
2 0.30976562500000004 0.3590277777777778 0.05859375 0.09027777777777778
0 0.35625 0.41111111111111115 0.0625 0.075
0 0.5535156250000001 0.4076388888888889 0.049218750000000006 0.07361111111111111
0 0.5015625 0.3666666666666667 0.040625 0.05277777777777778
0 0.5027343750000001 0.3277777777777778 0.041406250000000006 0.05
0 0.456640625 0.36180555555555555 0.041406250000000006 0.051388888888888894
0 0.45703125 0.32430555555555557 0.0421875 0.04861111111111111
3 0.201171875 0.3145833333333333 0.09140625000000001 0.14305555555555557
3 0.583203125 0.30972222222222223 0.11640625 0.13611111111111113
2 0.690625 0.4326388888888889 0.15000000000000002 0.1513888888888889
