1 0.56640625 0.2881944444444445 0.16562500000000002 0.3236111111111111
3 0.39179687500000004 0.29791666666666666 0.09296875 0.11805555555555557
2 0.16523437500000002 0.4256944444444445 0.11953125 0.14583333333333334
0 0.3453125 0.41597222222222224 0.07500000000000001 0.07361111111111111
0 0.31679687500000003 0.36875 0.057031250000000006 0.051388888888888894
0 0.1703125 0.375 0.065625 0.05555555555555556
0 0.16914062500000002 0.33333333333333337 0.06640625 0.05277777777777778
0 0.136328125 0.38819444444444445 0.07265625 0.059722222222222225
0 0.13515625 0.3423611111111111 0.0734375 0.05694444444444444
3 0.026953125 0.49236111111111114 0.05390625 0.4569444444444445
3 0.09453125000000001 0.3138888888888889 0.1203125 0.14444444444444446
2 0.40351562500000004 0.3416666666666667 0.07265625 0.07777777777777778
