1 0.127734375 0.29930555555555555 0.18515625000000002 0.3402777777777778
3 0.0 0.6368055555555556 0.0 0.6791666666666667
2 0.534765625 0.3965277777777778 0.09609375 0.11805555555555557
0 0.369921875 0.4166666666666667 0.07578125000000001 0.075
0 0.30078125 0.5069444444444444 0.109375 0.125
0 0.58046875 0.5416666666666667 0.13125 0.14444444444444446
0 0.583203125 0.45972222222222225 0.13359375 0.13333333333333333
0 0.622265625 0.5083333333333333 0.11953125 0.125
0 0.6253906250000001 0.43472222222222223 0.12109375 0.11388888888888889
3 0.6449218750000001 0.33472222222222225 0.15234375 0.16944444444444445
3 0.856640625 0.6534722222222222 0.28671875 0.6930555555555555
2 0.08515625 0.4979166666666667 0.1703125 0.20416666666666666
