1 0.417578125 0.10972222222222222 0.21484375 0.21944444444444444
3 0.05234375 0.05763888888888889 0.1046875 0.11527777777777778
2 0.32929687500000004 0.7652777777777778 0.13984375000000002 0.29444444444444445
0 0.35234375 0.4354166666666667 0.0859375 0.15694444444444444
0 0.15546875000000002 0.31527777777777777 0.0890625 0.14444444444444446
0 0.04609375 0.6097222222222223 0.0921875 0.17777777777777778
0 0.039453125000000006 0.5847222222222223 0.07890625000000001 0.18611111111111112
0 0.06601562500000001 0.7180555555555556 0.11796875000000001 0.19166666666666668
0 0.05625 0.6972222222222223 0.1125 0.2
2 0.16914062500000002 0.11458333333333334 0.11171875 0.19305555555555556
