1 0.21953125 0.2868055555555556 0.1625 0.27361111111111114
2 0.530859375 0.43333333333333335 0.13671875 0.1527777777777778
0 0.36640625000000004 0.41805555555555557 0.05625 0.075
0 0.168359375 0.4701388888888889 0.06171875 0.10138888888888889
0 0.302734375 0.5708333333333333 0.09140625000000001 0.16111111111111112
0 0.3015625 0.48194444444444445 0.0921875 0.14722222222222223
0 0.41015625 0.5611111111111111 0.1046875 0.15555555555555556
0 0.4109375 0.47500000000000003 0.10625000000000001 0.14166666666666666
3 0.7855468750000001 0.38819444444444445 0.22421875000000002 0.25416666666666665
3 0.1796875 0.6611111111111111 0.359375 0.6777777777777778
2 0.053125000000000006 0.4236111111111111 0.10625000000000001 0.14444444444444446
