1 0.567578125 0.18611111111111112 0.23515625 0.37222222222222223
2 0.198046875 0.6326388888888889 0.14453125 0.25416666666666665
0 0.346484375 0.42430555555555555 0.07109375 0.10416666666666667
0 0.2578125 0.17500000000000002 0.06406250000000001 0.08888888888888889
0 0.091796875 0.28541666666666665 0.08203125 0.09583333333333334
0 0.08085937500000001 0.2513888888888889 0.08671875000000001 0.1
0 0.07382812500000001 0.37569444444444444 0.08828125 0.10138888888888889
0 0.060937500000000006 0.34444444444444444 0.09375 0.10555555555555556
3 0.114453125 0.9479166666666667 0.22890625 0.10416666666666667
3 0.016015625000000002 0.15069444444444444 0.032031250000000004 0.3013888888888889
2 0.34023437500000003 0.06180555555555556 0.09609375 0.12361111111111112
