1 0.1125 0.30347222222222225 0.18281250000000002 0.3625
3 0.008984375000000001 0.6527777777777778 0.017968750000000002 0.6944444444444444
2 0.52578125 0.3888888888888889 0.096875 0.10833333333333334
0 0.369921875 0.41597222222222224 0.07578125000000001 0.07361111111111111
0 0.34609375000000003 0.5090277777777777 0.1125 0.12361111111111112
0 0.622265625 0.5222222222222223 0.11796875000000001 0.13055555555555556
0 0.6253906250000001 0.4444444444444445 0.11953125 0.11944444444444445
0 0.64375 0.48888888888888893 0.1046875 0.11111111111111112
0 0.6468750000000001 0.41944444444444445 0.10625000000000001 0.10277777777777779
3 0.606640625 0.3284722222222222 0.13671875 0.15972222222222224
3 0.9105468750000001 0.6423611111111112 0.17890625000000002 0.6958333333333334
2 0.113671875 0.5159722222222223 0.19765625 0.2125
