1 0.555078125 0.17152777777777778 0.24296875 0.34305555555555556
3 0.252734375 0.0 0.13203125000000002 0.0
2 0.20625000000000002 0.6694444444444445 0.15625 0.2777777777777778
0 0.34687500000000004 0.42638888888888893 0.078125 0.11666666666666667
0 0.238671875 0.18194444444444446 0.06796875000000001 0.1
0 0.069140625 0.3215277777777778 0.08515625 0.10972222222222222
0 0.05625 0.28750000000000003 0.09062500000000001 0.11388888888888889
0 0.055078125000000006 0.41944444444444445 0.09140625000000001 0.11666666666666667
0 0.044921875 0.3888888888888889 0.08984375 0.12222222222222223
3 0.134375 0.9875 0.26875 0.025
3 0.0 0.1875 0.0 0.3527777777777778
2 0.31328125 0.06041666666666667 0.1 0.12083333333333333
