1 0.280859375 0.11388888888888889 0.18671875000000002 0.22777777777777777
3 0.0 0.29305555555555557 0.0 0.3388888888888889
2 0.46015625000000004 0.6819444444444445 0.1171875 0.2388888888888889
0 0.35976562500000003 0.4326388888888889 0.05859375 0.1375
0 0.15000000000000002 0.4986111111111111 0.078125 0.14444444444444446
0 0.15546875000000002 0.8506944444444445 0.0921875 0.18194444444444446
0 0.14453125 0.8388888888888889 0.09843750000000001 0.19166666666666668
0 0.22617187500000002 0.9006944444444445 0.08671875000000001 0.1875
0 0.21875 0.8902777777777778 0.0921875 0.19722222222222224
3 0.7406250000000001 0.826388888888889 0.30625 0.3472222222222222
3 0.022656250000000003 1.0 0.045312500000000006 0.0
2 0.08554687500000001 0.31319444444444444 0.09140625000000001 0.1902777777777778
