1 0.191796875 0.16458333333333333 0.21953125 0.32916666666666666
2 0.51953125 0.5819444444444445 0.13593750000000002 0.24444444444444446
0 0.366015625 0.42986111111111114 0.055468750000000004 0.13472222222222222
0 0.1859375 0.638888888888889 0.059375000000000004 0.15555555555555556
0 0.300390625 0.9319444444444445 0.06953125 0.13611111111111113
0 0.29726562500000003 0.9256944444444445 0.07421875 0.1486111111111111
0 0.382421875 0.9243055555555556 0.07265625 0.1513888888888889
0 0.38398437500000004 0.9173611111111112 0.07734375 0.16527777777777777
3 0.76953125 0.5673611111111111 0.2421875 0.34861111111111115
2 0.062109375 0.5076388888888889 0.12421875 0.23194444444444445
