1 0.16953125000000002 0.7229166666666667 0.3296875 0.5541666666666667
2 0.4234375 0.1736111111111111 0.10312500000000001 0.19722222222222224
0 0.36757812500000003 0.39861111111111114 0.08046875 0.13333333333333333
0 0.558203125 0.6208333333333333 0.10078125 0.15555555555555556
0 0.6488281250000001 0.3729166666666667 0.09296875 0.13194444444444445
0 0.661328125 0.3416666666666667 0.09765625 0.13611111111111113
0 0.612890625 0.2888888888888889 0.08671875000000001 0.12222222222222223
0 0.6234375000000001 0.2555555555555556 0.09062500000000001 0.1277777777777778
3 0.37539062500000003 0.03333333333333333 0.09765625 0.06666666666666667
3 0.8894531250000001 0.3388888888888889 0.22109375 0.35000000000000003
2 0.548046875 0.8895833333333334 0.16484375 0.22083333333333335
