1 0.15000000000000002 0.2972222222222222 0.1796875 0.31666666666666665
2 0.535546875 0.40555555555555556 0.10234375000000001 0.125
0 0.369140625 0.4166666666666667 0.07265625 0.075
0 0.2609375 0.5 0.09843750000000001 0.11944444444444445
0 0.520703125 0.5548611111111111 0.13359375 0.15416666666666667
0 0.523046875 0.4708333333333333 0.13515625 0.1388888888888889
0 0.5828125000000001 0.5243055555555556 0.125 0.13472222222222222
0 0.585546875 0.4479166666666667 0.12734375 0.12361111111111112
3 0.6785156250000001 0.34305555555555556 0.16640625 0.17777777777777778
3 0.776953125 0.6625 0.44609375 0.675
2 0.07187500000000001 0.4777777777777778 0.14375000000000002 0.18611111111111112
