1 0.155078125 0.32916666666666666 0.26484375 0.6
3 0.9066406250000001 0.6416666666666667 0.18671875000000002 0.7166666666666667
2 0.43125 0.3611111111111111 0.09062500000000001 0.1
0 0.36953125000000003 0.4118055555555556 0.0765625 0.07361111111111111
0 0.5671875000000001 0.4729166666666667 0.11093750000000001 0.10416666666666667
0 0.6578125 0.4173611111111111 0.09062500000000001 0.0763888888888889
0 0.6605468750000001 0.36319444444444443 0.09140625000000001 0.07083333333333333
0 0.615234375 0.3993055555555556 0.08046875 0.06805555555555556
0 0.6171875 0.35000000000000003 0.08125 0.0638888888888889
3 0.39960937500000004 0.3055555555555556 0.07890625000000001 0.13333333333333333
3 0.8984375 0.36944444444444446 0.203125 0.24444444444444446
2 0.5535156250000001 0.5548611111111111 0.20859375000000002 0.2902777777777778
