1 0.223046875 0.7506944444444444 0.33046875000000003 0.4986111111111111
3 0.861328125 0.9798611111111112 0.27734375 0.04027777777777778
2 0.39453125 0.16805555555555557 0.09375 0.18888888888888888
0 0.365234375 0.39722222222222225 0.07890625000000001 0.1388888888888889
0 0.565625 0.5590277777777778 0.09375 0.15416666666666667
0 0.622265625 0.3076388888888889 0.08359375000000001 0.12916666666666668
0 0.6328125 0.27569444444444446 0.08750000000000001 0.13472222222222222
0 0.581640625 0.23750000000000002 0.07890625000000001 0.12222222222222223
0 0.590234375 0.20347222222222222 0.08203125 0.12638888888888888
3 0.322265625 0.03402777777777778 0.08359375000000001 0.06805555555555556
3 0.8304687500000001 0.2263888888888889 0.20625000000000002 0.3027777777777778
2 0.5890625 0.8534722222222223 0.1453125 0.29305555555555557
