1 0.603515625 0.30972222222222223 0.14296875 0.4305555555555556
3 0.579296875 0.3076388888888889 0.11328125 0.12916666666666668
2 0.1859375 0.3888888888888889 0.1125 0.11666666666666667
0 0.34609375000000003 0.41458333333333336 0.07187500000000001 0.0763888888888889
0 0.41875 0.37083333333333335 0.0578125 0.05555555555555556
0 0.2984375 0.35694444444444445 0.05 0.05
0 0.298046875 0.32083333333333336 0.049218750000000006 0.04722222222222222
0 0.257421875 0.36180555555555555 0.05078125 0.051388888888888894
0 0.25703125 0.32430555555555557 0.051562500000000004 0.04861111111111111
3 0.026953125 0.36875 0.05390625 0.22916666666666669
3 0.2859375 0.2972222222222222 0.084375 0.11388888888888889
2 0.5296875 0.35694444444444445 0.08125 0.09166666666666667
