1 0.43789062500000003 0.11944444444444445 0.21015625000000002 0.2388888888888889
3 0.07265625 0.043750000000000004 0.1390625 0.08750000000000001
2 0.30976562500000004 0.7444444444444445 0.13984375000000002 0.28611111111111115
0 0.35195312500000003 0.4326388888888889 0.08359375000000001 0.1486111111111111
0 0.171875 0.29375 0.084375 0.13472222222222222
0 0.049218750000000006 0.55625 0.09843750000000001 0.1625
0 0.04296875 0.5305555555555556 0.0859375 0.16944444444444445
0 0.06875 0.6618055555555555 0.109375 0.1736111111111111
0 0.055859375 0.6395833333333334 0.11171875 0.18194444444444446
2 0.194140625 0.10416666666666667 0.10703125000000001 0.18611111111111112
