1 0.499609375 0.14305555555555557 0.22578125000000002 0.28611111111111115
3 0.16328125000000002 0.011111111111111112 0.13593750000000002 0.022222222222222223
2 0.251953125 0.7180555555555556 0.15390625000000002 0.2916666666666667
0 0.34882812500000004 0.4305555555555556 0.08359375000000001 0.13611111111111113
0 0.20234375000000002 0.23125 0.0765625 0.11805555555555557
0 0.049609375000000004 0.43125 0.09140625000000001 0.13472222222222222
0 0.041796875000000004 0.4013888888888889 0.08359375000000001 0.14166666666666666
0 0.05234375 0.5361111111111111 0.096875 0.14444444444444446
0 0.04453125 0.5090277777777777 0.0890625 0.1513888888888889
2 0.253125 0.07569444444444445 0.1046875 0.1513888888888889
