1 0.47421875 0.13611111111111113 0.209375 0.27222222222222225
3 0.13828125 0.02638888888888889 0.13125 0.05277777777777778
2 0.27578125000000003 0.7145833333333333 0.1421875 0.2763888888888889
0 0.350390625 0.4305555555555556 0.08046875 0.13611111111111113
0 0.19687500000000002 0.2569444444444445 0.0765625 0.11944444444444445
0 0.059375000000000004 0.4715277777777778 0.0921875 0.14027777777777778
0 0.047265625000000006 0.44375000000000003 0.09453125000000001 0.14583333333333334
0 0.06953125 0.5729166666666667 0.096875 0.1486111111111111
0 0.055859375 0.5486111111111112 0.10234375000000001 0.15555555555555556
2 0.236328125 0.08680555555555555 0.10234375000000001 0.1736111111111111
