1 0.29609375 0.33958333333333335 0.328125 0.5958333333333333
3 0.9304687500000001 0.4902777777777778 0.1390625 0.4444444444444445
2 0.35859375000000004 0.3576388888888889 0.07187500000000001 0.09305555555555556
0 0.362109375 0.41111111111111115 0.07421875 0.075
0 0.57578125 0.43125 0.07500000000000001 0.08472222222222223
0 0.56796875 0.3819444444444445 0.0578125 0.061111111111111116
0 0.5691406250000001 0.33958333333333335 0.05859375 0.05694444444444444
0 0.5222656250000001 0.3729166666666667 0.055468750000000004 0.05694444444444444
0 0.523046875 0.33194444444444443 0.055468750000000004 0.05277777777777778
3 0.28515625 0.3076388888888889 0.065625 0.13194444444444445
3 0.697265625 0.32430555555555557 0.14296875 0.15972222222222224
2 0.687109375 0.47847222222222224 0.14765625000000002 0.19861111111111113
