1 0.47421875 0.7645833333333334 0.31875000000000003 0.3902777777777778
3 0.8792968750000001 0.51875 0.24140625000000002 0.3902777777777778
2 0.292578125 0.1840277777777778 0.07265625 0.1736111111111111
0 0.35585937500000003 0.3944444444444445 0.06015625 0.1388888888888889
0 0.55234375 0.35208333333333336 0.0578125 0.13472222222222222
0 0.5046875000000001 0.13125 0.05 0.1125
0 0.509765625 0.09652777777777778 0.05234375 0.11527777777777778
0 0.45429687500000004 0.10555555555555556 0.049218750000000006 0.11111111111111112
0 0.45742187500000003 0.07152777777777779 0.05078125 0.1125
3 0.140625 0.09305555555555556 0.1453125 0.18611111111111112
3 0.611328125 0.04513888888888889 0.15859375 0.09027777777777778
2 0.66796875 0.5319444444444444 0.1375 0.21666666666666667
