1 0.5476562500000001 0.74375 0.3484375 0.4847222222222222
3 0.875 0.36041666666666666 0.25 0.3652777777777778
2 0.259765625 0.20347222222222222 0.09140625000000001 0.19305555555555556
0 0.35390625000000003 0.3993055555555556 0.051562500000000004 0.13472222222222222
0 0.54296875 0.2972222222222222 0.053125000000000006 0.125
0 0.46523437500000003 0.09236111111111112 0.041406250000000006 0.10694444444444445
0 0.46914062500000003 0.05625 0.04296875 0.10972222222222222
0 0.412109375 0.08055555555555556 0.039843750000000004 0.10555555555555556
0 0.4140625 0.04930555555555556 0.0421875 0.09861111111111112
3 0.08281250000000001 0.12430555555555556 0.16562500000000002 0.24861111111111112
3 0.5453125 0.01388888888888889 0.15000000000000002 0.02777777777777778
2 0.675390625 0.4416666666666667 0.14609375 0.22777777777777777
