1 0.5796875 0.19583333333333333 0.23593750000000002 0.39166666666666666
2 0.190234375 0.6145833333333334 0.14140625 0.24583333333333335
0 0.34492187500000004 0.42291666666666666 0.07109375 0.10138888888888889
0 0.26953125 0.16597222222222222 0.065625 0.08750000000000001
0 0.101953125 0.2611111111111111 0.08203125 0.09166666666666667
0 0.091796875 0.22708333333333333 0.08671875000000001 0.09583333333333334
0 0.08085937500000001 0.34861111111111115 0.08828125 0.09722222222222222
0 0.068359375 0.3159722222222222 0.09296875 0.10138888888888889
3 0.10117187500000001 0.9298611111111111 0.20234375000000002 0.14027777777777778
3 0.025 0.13055555555555556 0.05 0.2611111111111111
2 0.357421875 0.06041666666666667 0.09453125000000001 0.12083333333333333
