1 0.190234375 0.28611111111111115 0.17421875 0.29444444444444445
2 0.5437500000000001 0.42430555555555555 0.1328125 0.1486111111111111
0 0.36796875 0.41805555555555557 0.065625 0.07777777777777778
0 0.187890625 0.4847222222222222 0.07265625 0.11388888888888889
0 0.38125000000000003 0.58125 0.12187500000000001 0.1763888888888889
0 0.381640625 0.48750000000000004 0.12421875 0.15833333333333333
0 0.48476562500000003 0.5618055555555556 0.12890625 0.1625
0 0.48671875000000003 0.4729166666666667 0.13125 0.14583333333333334
3 0.7660156250000001 0.36875 0.21484375 0.22916666666666669
3 0.40546875000000004 0.6597222222222222 0.8109375000000001 0.6805555555555556
2 0.05 0.44236111111111115 0.1 0.16527777777777777
