1 0.09257812500000001 0.3145833333333333 0.16796875 0.49583333333333335
3 0.42304687500000004 0.6493055555555556 0.82421875 0.701388888888889
2 0.484375 0.3701388888888889 0.1 0.10416666666666667
0 0.369921875 0.4138888888888889 0.06796875000000001 0.06944444444444445
0 0.49296875 0.5006944444444444 0.1078125 0.10972222222222222
0 0.692578125 0.4618055555555556 0.11484375000000001 0.09027777777777778
0 0.696484375 0.39583333333333337 0.11640625 0.08611111111111111
0 0.665625 0.43472222222222223 0.09843750000000001 0.07777777777777778
0 0.6687500000000001 0.3763888888888889 0.1 0.075
3 0.49648437500000003 0.3111111111111111 0.10390625 0.14166666666666666
3 0.96875 0.45625000000000004 0.0625 0.39861111111111114
2 0.33906250000000004 0.5701388888888889 0.21406250000000002 0.29305555555555557
