1 0.6117187500000001 0.23611111111111113 0.22031250000000002 0.47222222222222227
2 0.17148437500000002 0.5277777777777778 0.11796875000000001 0.19444444444444445
0 0.34414062500000003 0.41805555555555557 0.07734375 0.12222222222222223
0 0.319140625 0.15208333333333335 0.06640625 0.10138888888888889
0 0.15703125 0.18333333333333335 0.0765625 0.10277777777777779
0 0.15000000000000002 0.14930555555555555 0.07968750000000001 0.10694444444444445
0 0.125390625 0.2534722222222222 0.08203125 0.10972222222222222
0 0.11640625 0.22013888888888888 0.0859375 0.1125
3 0.058984375000000006 0.8402777777777778 0.11796875000000001 0.3194444444444445
3 0.067578125 0.06666666666666667 0.13515625 0.13333333333333333
2 0.424609375 0.06527777777777778 0.08671875000000001 0.13055555555555556
