1 0.195703125 0.3388888888888889 0.29296875 0.5916666666666667
3 0.9207031250000001 0.6423611111111112 0.15859375 0.7152777777777778
2 0.40742187500000004 0.36041666666666666 0.08359375000000001 0.09583333333333334
0 0.366796875 0.4118055555555556 0.07578125000000001 0.07361111111111111
0 0.572265625 0.45763888888888893 0.09921875000000001 0.09583333333333334
0 0.6253906250000001 0.4041666666666667 0.07734375 0.06944444444444445
0 0.6273437500000001 0.3548611111111111 0.078125 0.06527777777777778
0 0.582421875 0.38958333333333334 0.07109375 0.0625
0 0.583984375 0.34444444444444444 0.07109375 0.058333333333333334
3 0.3609375 0.30625 0.0703125 0.12916666666666668
3 0.8230468750000001 0.3506944444444445 0.18203125 0.20416666666666666
2 0.6019531250000001 0.5277777777777778 0.16953125000000002 0.25277777777777777
