1 0.581640625 0.3284722222222222 0.22734375 0.4791666666666667
3 0.685546875 0.3263888888888889 0.13046875 0.15555555555555556
2 0.22578125000000002 0.37569444444444444 0.0921875 0.10416666666666667
0 0.349609375 0.41250000000000003 0.057031250000000006 0.07222222222222223
0 0.46875 0.3784722222222222 0.0546875 0.05694444444444444
0 0.36835937500000004 0.35625 0.041406250000000006 0.04583333333333334
0 0.36835937500000004 0.32083333333333336 0.041406250000000006 0.044444444444444446
0 0.32656250000000003 0.35833333333333334 0.0390625 0.04722222222222222
0 0.326171875 0.3229166666666667 0.039843750000000004 0.04583333333333334
3 0.059375000000000004 0.34444444444444444 0.11875000000000001 0.18333333333333335
3 0.384375 0.29930555555555555 0.08750000000000001 0.1125
2 0.590234375 0.37569444444444444 0.10234375000000001 0.10416666666666667
