1 0.41796875 0.7694444444444445 0.2984375 0.32222222222222224
3 0.8773437500000001 0.6333333333333333 0.24531250000000002 0.4
2 0.3125 0.17916666666666667 0.065625 0.15833333333333333
0 0.35781250000000003 0.39513888888888893 0.06406250000000001 0.1375
0 0.555859375 0.3923611111111111 0.06484375 0.1375
0 0.528515625 0.16458333333333333 0.055468750000000004 0.11527777777777778
0 0.534375 0.13125 0.0578125 0.11805555555555557
0 0.48046875 0.13055555555555556 0.0546875 0.11111111111111112
0 0.484375 0.09791666666666667 0.05625 0.11527777777777778
3 0.18320312500000002 0.07847222222222222 0.12578125 0.15694444444444444
3 0.651953125 0.07013888888888889 0.16328125000000002 0.14027777777777778
2 0.6546875000000001 0.59375 0.1265625 0.2013888888888889
