1 0.21835937500000002 0.14930555555555555 0.20703125 0.2986111111111111
2 0.503125 0.6104166666666667 0.13125 0.24305555555555555
0 0.36445312500000004 0.4305555555555556 0.047656250000000004 0.1277777777777778
0 0.17343750000000002 0.5972222222222222 0.059375000000000004 0.14166666666666666
0 0.25625000000000003 0.9208333333333334 0.060937500000000006 0.15833333333333333
0 0.25039062500000003 0.913888888888889 0.06484375 0.17222222222222222
0 0.33671875 0.9222222222222223 0.059375000000000004 0.15555555555555556
0 0.335546875 0.9152777777777779 0.06171875 0.16944444444444445
3 0.76171875 0.65 0.2578125 0.375
2 0.06796875000000001 0.4479166666666667 0.115625 0.21805555555555556
