1 0.530859375 0.7381944444444445 0.33359375 0.4625
3 0.8734375000000001 0.3840277777777778 0.253125 0.3652777777777778
2 0.26601562500000003 0.19791666666666669 0.08671875000000001 0.1875
0 0.353515625 0.39513888888888893 0.05234375 0.13472222222222222
0 0.5421875 0.30486111111111114 0.05 0.12638888888888888
0 0.470703125 0.09930555555555556 0.041406250000000006 0.10694444444444445
0 0.474609375 0.06458333333333334 0.04296875 0.10972222222222222
0 0.41835937500000003 0.08472222222222223 0.041406250000000006 0.10555555555555556
0 0.420703125 0.052083333333333336 0.04296875 0.10416666666666667
3 0.09140625000000001 0.11736111111111111 0.16875 0.23472222222222222
3 0.555078125 0.019444444444444445 0.14921875 0.03888888888888889
2 0.66953125 0.4527777777777778 0.1421875 0.22222222222222224
