1 0.33125000000000004 0.09583333333333334 0.19062500000000002 0.19166666666666668
3 0.008984375000000001 0.15069444444444444 0.017968750000000002 0.3013888888888889
2 0.4140625 0.7354166666666667 0.09843750000000001 0.23750000000000002
0 0.35664062500000004 0.4361111111111111 0.07265625 0.1527777777777778
0 0.141015625 0.42291666666666666 0.08828125 0.1513888888888889
0 0.08750000000000001 0.7715277777777778 0.11093750000000001 0.19305555555555556
0 0.07265625 0.7541666666666667 0.1171875 0.20277777777777778
0 0.1453125 0.8534722222222223 0.109375 0.2013888888888889
0 0.133203125 0.8402777777777778 0.11640625 0.2138888888888889
3 0.6980468750000001 0.9166666666666667 0.33203125 0.16666666666666669
2 0.109375 0.22013888888888888 0.1046875 0.1763888888888889
