1 0.170703125 0.29305555555555557 0.17578125 0.3027777777777778
2 0.539453125 0.41458333333333336 0.11640625 0.13472222222222222
0 0.36835937500000004 0.4173611111111111 0.06953125 0.0763888888888889
0 0.223046875 0.49236111111111114 0.08671875000000001 0.11527777777777778
0 0.455078125 0.5680555555555555 0.13046875 0.1638888888888889
0 0.45625000000000004 0.4798611111111111 0.1328125 0.1486111111111111
0 0.5378906250000001 0.5423611111111112 0.12890625 0.14583333333333334
0 0.540234375 0.46111111111111114 0.13046875 0.13333333333333333
3 0.718359375 0.3541666666666667 0.18671875000000002 0.19722222222222224
3 0.6742187500000001 0.6652777777777779 0.6515625 0.6694444444444445
2 0.06015625 0.45972222222222225 0.1203125 0.17500000000000002
