1 0.40937500000000004 0.7854166666666667 0.3140625 0.33472222222222225
3 0.8835937500000001 0.6659722222222223 0.2328125 0.41805555555555557
2 0.315234375 0.17291666666666666 0.06796875000000001 0.1625
0 0.358203125 0.39513888888888893 0.06796875000000001 0.14305555555555557
0 0.562890625 0.40069444444444446 0.06796875000000001 0.14305555555555557
0 0.5375 0.16527777777777777 0.059375000000000004 0.11944444444444445
0 0.5437500000000001 0.13194444444444445 0.060937500000000006 0.12222222222222223
0 0.48867187500000003 0.12916666666666668 0.057031250000000006 0.11388888888888889
0 0.49296875 0.0951388888888889 0.059375000000000004 0.11805555555555557
3 0.186328125 0.07291666666666667 0.12578125 0.14583333333333334
3 0.667578125 0.07222222222222223 0.16953125000000002 0.14444444444444446
2 0.6628906250000001 0.6125 0.13046875 0.2111111111111111
