1 0.25 0.13125 0.19375 0.2625
2 0.48164062500000004 0.6451388888888889 0.12421875 0.24027777777777778
0 0.361328125 0.43194444444444446 0.047656250000000004 0.1277777777777778
0 0.16171875000000002 0.5465277777777778 0.06875 0.1375
0 0.205078125 0.8875000000000001 0.07578125000000001 0.16944444444444445
0 0.19687500000000002 0.8777777777777778 0.08125 0.17777777777777778
0 0.28046875 0.9145833333333334 0.06875 0.17083333333333334
0 0.276171875 0.9055555555555556 0.07265625 0.18055555555555555
3 0.7503906250000001 0.7583333333333334 0.27890625 0.41111111111111115
2 0.07890625000000001 0.3784722222222222 0.1 0.20416666666666666
