1 0.144921875 0.68125 0.28984375 0.5930555555555556
2 0.44921875 0.1902777777777778 0.109375 0.19722222222222224
0 0.36953125000000003 0.4013888888888889 0.078125 0.12222222222222223
0 0.5378906250000001 0.675 0.10234375000000001 0.14444444444444446
0 0.6625000000000001 0.4465277777777778 0.09843750000000001 0.12638888888888888
0 0.6761718750000001 0.4173611111111111 0.10390625 0.13194444444444445
0 0.6332031250000001 0.3506944444444445 0.09140625000000001 0.11805555555555557
0 0.6449218750000001 0.3194444444444445 0.09609375 0.12222222222222223
3 0.427734375 0.03958333333333333 0.11171875 0.07916666666666666
3 0.908203125 0.4729166666666667 0.18359375 0.3902777777777778
2 0.49062500000000003 0.9145833333333334 0.171875 0.17083333333333334
