1 0.28554687500000003 0.7722222222222223 0.31953125000000004 0.4527777777777778
3 0.870703125 0.8784722222222222 0.25859375 0.24305555555555555
2 0.36640625000000004 0.16875 0.084375 0.17916666666666667
0 0.362890625 0.39583333333333337 0.07578125000000001 0.1388888888888889
0 0.56484375 0.4986111111111111 0.084375 0.15
0 0.5906250000000001 0.25277777777777777 0.0734375 0.125
0 0.599609375 0.2215277777777778 0.07734375 0.12916666666666668
0 0.547265625 0.19583333333333333 0.06953125 0.11944444444444445
0 0.554296875 0.16319444444444445 0.07265625 0.12361111111111112
3 0.278125 0.04583333333333334 0.08750000000000001 0.09166666666666667
3 0.7664062500000001 0.14166666666666666 0.1875 0.2833333333333333
2 0.6156250000000001 0.7625000000000001 0.12187500000000001 0.2611111111111111
