1 0.15625 0.1875 0.2390625 0.375
2 0.53828125 0.5423611111111112 0.1390625 0.24305555555555555
0 0.36835937500000004 0.4291666666666667 0.06640625 0.14444444444444446
0 0.20429687500000002 0.6951388888888889 0.07421875 0.1736111111111111
0 0.362109375 0.9437500000000001 0.08671875000000001 0.1125
0 0.36250000000000004 0.9375 0.0921875 0.125
0 0.443359375 0.9222222222222223 0.09140625000000001 0.15555555555555556
0 0.448046875 0.9152777777777779 0.09765625 0.16944444444444445
3 0.782421875 0.46319444444444446 0.23828125 0.3180555555555556
2 0.06328125 0.59375 0.1265625 0.2513888888888889
