1 0.591015625 0.32222222222222224 0.18046875 0.4444444444444445
3 0.626953125 0.31666666666666665 0.11953125 0.1388888888888889
2 0.20625000000000002 0.3826388888888889 0.1015625 0.10972222222222222
0 0.347265625 0.4131944444444445 0.06484375 0.07361111111111111
0 0.44257812500000004 0.37430555555555556 0.055468750000000004 0.05416666666666667
0 0.3328125 0.35694444444444445 0.045312500000000006 0.04722222222222222
0 0.3328125 0.3215277777777778 0.045312500000000006 0.04583333333333334
0 0.291796875 0.36041666666666666 0.04453125 0.04861111111111111
0 0.291796875 0.32430555555555557 0.04453125 0.04583333333333334
3 0.044140625 0.35625 0.08828125 0.2013888888888889
3 0.33437500000000003 0.2986111111111111 0.084375 0.11111111111111112
2 0.5574218750000001 0.36597222222222225 0.08984375 0.09583333333333334
