1 0.248046875 0.2868055555555556 0.15078125 0.25416666666666665
2 0.5125000000000001 0.4416666666666667 0.13593750000000002 0.15555555555555556
0 0.36484375 0.41805555555555557 0.046875 0.07222222222222223
0 0.16015625 0.45625000000000004 0.06875 0.09027777777777778
0 0.228515625 0.5534722222222223 0.08359375000000001 0.14305555555555557
0 0.2265625 0.4715277777777778 0.0859375 0.13194444444444445
0 0.33671875 0.5541666666666667 0.07500000000000001 0.14166666666666666
0 0.33632812500000003 0.4715277777777778 0.07734375 0.13194444444444445
3 0.788671875 0.40972222222222227 0.23671875 0.2833333333333333
3 0.073046875 0.6597222222222222 0.14609375 0.6805555555555556
2 0.07265625 0.4083333333333333 0.0890625 0.1277777777777778
