1 0.10390625 0.29583333333333334 0.2078125 0.5055555555555555
2 0.5476562500000001 0.3944444444444445 0.1125 0.19166666666666668
0 0.37265625 0.42083333333333334 0.08125 0.14444444444444446
0 0.3125 0.8 0.09843750000000001 0.18611111111111112
0 0.548046875 0.9041666666666667 0.11328125 0.19166666666666668
0 0.558984375 0.8958333333333334 0.12109375 0.20833333333333334
0 0.5945312500000001 0.7986111111111112 0.11093750000000001 0.18611111111111112
0 0.607421875 0.7826388888888889 0.11796875000000001 0.19583333333333333
3 0.7019531250000001 0.18680555555555556 0.21015625000000002 0.2763888888888889
2 0.11796875000000001 0.8541666666666667 0.1703125 0.24444444444444446
