1 0.43476562500000004 0.275 0.15390625000000002 0.2638888888888889
3 0.16757812500000002 0.3041666666666667 0.09453125000000001 0.13055555555555556
2 0.279296875 0.47222222222222227 0.16015625 0.2
0 0.35195312500000003 0.41875 0.08046875 0.07916666666666666
0 0.201171875 0.3875 0.06796875000000001 0.0638888888888889
0 0.045312500000000006 0.4340277777777778 0.08750000000000001 0.08750000000000001
0 0.043359375000000006 0.3763888888888889 0.08671875000000001 0.08055555555555556
0 0.046484375 0.45833333333333337 0.09296875 0.1
0 0.045312500000000006 0.39375 0.09062500000000001 0.09305555555555556
3 0.3921875 0.6375000000000001 0.36562500000000003 0.725
2 0.242578125 0.3472222222222222 0.08359375000000001 0.08611111111111111
