1 0.614453125 0.5791666666666667 0.29921875000000003 0.5555555555555556
3 0.7429687500000001 0.1125 0.18281250000000002 0.225
2 0.20234375000000002 0.2791666666666667 0.1171875 0.20833333333333334
0 0.3484375 0.3993055555555556 0.06406250000000001 0.14305555555555557
0 0.47890625000000003 0.20277777777777778 0.06406250000000001 0.12222222222222223
0 0.36015625 0.0638888888888889 0.051562500000000004 0.10833333333333334
0 0.36015625 0.04236111111111111 0.053125000000000006 0.08472222222222223
0 0.309375 0.07986111111111112 0.051562500000000004 0.10972222222222222
0 0.30781250000000004 0.050694444444444445 0.053125000000000006 0.10138888888888889
3 0.044921875 0.28194444444444444 0.08984375 0.3
3 0.378515625 0.0 0.12109375 0.0
2 0.61484375 0.2520833333333333 0.1265625 0.20416666666666666
