1 0.18359375 0.16944444444444445 0.225 0.3388888888888889
2 0.524609375 0.5750000000000001 0.13828125 0.24444444444444446
0 0.366796875 0.42986111111111114 0.05859375 0.1375
0 0.18828125 0.6520833333333333 0.0625 0.15972222222222224
0 0.3125 0.9361111111111111 0.0734375 0.1277777777777778
0 0.30976562500000004 0.9305555555555556 0.07734375 0.1388888888888889
0 0.39570312500000004 0.9256944444444445 0.07734375 0.1486111111111111
0 0.39765625000000004 0.9187500000000001 0.08125 0.1625
3 0.7738281250000001 0.5458333333333334 0.24140625000000002 0.34444444444444444
2 0.06171875 0.5256944444444445 0.1234375 0.23750000000000002
