1 0.554296875 0.3388888888888889 0.25546875 0.48055555555555557
3 0.7312500000000001 0.3402777777777778 0.1421875 0.17222222222222222
2 0.24921875000000002 0.3715277777777778 0.08125 0.09861111111111112
0 0.35195312500000003 0.4118055555555556 0.04609375 0.06805555555555556
0 0.48945312500000004 0.3854166666666667 0.05078125 0.05694444444444444
0 0.40156250000000004 0.35833333333333334 0.035937500000000004 0.044444444444444446
0 0.401953125 0.32430555555555557 0.03671875 0.043055555555555555
0 0.35976562500000003 0.3590277777777778 0.03359375 0.04583333333333334
0 0.35976562500000003 0.32430555555555557 0.03359375 0.043055555555555555
3 0.087890625 0.3368055555555556 0.13671875 0.16527777777777777
3 0.431640625 0.3027777777777778 0.08984375 0.11388888888888889
2 0.6121093750000001 0.3875 0.11015625000000001 0.11111111111111112
