1 0.095703125 0.36319444444444443 0.19140625 0.4930555555555556
2 0.5375 0.3458333333333333 0.1078125 0.1638888888888889
0 0.371875 0.4166666666666667 0.07968750000000001 0.13333333333333333
0 0.35976562500000003 0.7993055555555556 0.09765625 0.17083333333333334
0 0.590234375 0.8243055555555556 0.10703125000000001 0.1736111111111111
0 0.602734375 0.8104166666666667 0.11328125 0.18194444444444446
0 0.6199218750000001 0.7097222222222223 0.10234375000000001 0.16111111111111112
0 0.6332031250000001 0.6902777777777778 0.10859375 0.16944444444444445
3 0.6507812500000001 0.12986111111111112 0.18906250000000002 0.25972222222222224
2 0.17343750000000002 0.9048611111111111 0.1546875 0.1902777777777778
