1 0.49296875 0.2791666666666667 0.1625 0.2833333333333333
3 0.26171875 0.29930555555555555 0.09062500000000001 0.12083333333333333
2 0.216796875 0.4569444444444445 0.15390625000000002 0.18333333333333335
0 0.35000000000000003 0.4173611111111111 0.07500000000000001 0.07361111111111111
0 0.24726562500000002 0.3763888888888889 0.055468750000000004 0.05555555555555556
0 0.08671875000000001 0.40347222222222223 0.0765625 0.06805555555555556
0 0.084375 0.3541666666666667 0.078125 0.0638888888888889
0 0.06601562500000001 0.42291666666666666 0.08671875000000001 0.0763888888888889
0 0.063671875 0.3680555555555556 0.08828125 0.07222222222222223
3 0.142578125 0.6263888888888889 0.28515625 0.7083333333333334
3 0.011328125000000001 0.3416666666666667 0.022656250000000003 0.19444444444444445
2 0.30898437500000003 0.3423611111111111 0.07890625000000001 0.08194444444444444
