1 0.6253906250000001 0.2888888888888889 0.20390625 0.47222222222222227
3 0.48359375000000004 0.0020833333333333333 0.13593750000000002 0.004166666666666667
2 0.16640625 0.4763888888888889 0.12187500000000001 0.16944444444444445
0 0.34414062500000003 0.41458333333333336 0.07890625000000001 0.13194444444444445
0 0.350390625 0.15 0.06640625 0.10833333333333334
0 0.19296875000000002 0.1451388888888889 0.07187500000000001 0.10694444444444445
0 0.18710937500000002 0.11111111111111112 0.07578125000000001 0.11111111111111112
0 0.15625 0.20555555555555557 0.0765625 0.11111111111111112
0 0.148828125 0.17222222222222222 0.08046875 0.11666666666666667
3 0.040625 0.7722222222222223 0.08125 0.3944444444444445
3 0.11093750000000001 0.036111111111111115 0.15156250000000002 0.07222222222222223
2 0.463671875 0.07777777777777778 0.08359375000000001 0.13611111111111113
