1 0.12265625000000001 0.3236111111111111 0.15781250000000002 0.48055555555555557
3 0.578515625 0.6548611111111111 0.6414062500000001 0.6902777777777778
2 0.47265625 0.36944444444444446 0.09531250000000001 0.1
0 0.37109375 0.4131944444444445 0.065625 0.06527777777777778
0 0.5015625 0.49236111111111114 0.1046875 0.09861111111111112
0 0.675 0.4513888888888889 0.1046875 0.08055555555555556
0 0.6781250000000001 0.3902777777777778 0.10625000000000001 0.07777777777777778
0 0.6472656250000001 0.42708333333333337 0.09140625000000001 0.07083333333333333
0 0.65 0.3729166666666667 0.0921875 0.06805555555555556
3 0.47734375 0.31180555555555556 0.096875 0.1375
3 0.9441406250000001 0.43333333333333335 0.11171875 0.3416666666666667
2 0.376953125 0.5583333333333333 0.20546875 0.27222222222222225
