1 0.526953125 0.3423611111111111 0.28203125 0.4986111111111111
3 0.78515625 0.35555555555555557 0.16718750000000002 0.19722222222222224
2 0.2703125 0.3680555555555556 0.07187500000000001 0.09444444444444444
0 0.35195312500000003 0.4118055555555556 0.04296875 0.06805555555555556
0 0.5109375 0.3909722222222222 0.046875 0.059722222222222225
0 0.434375 0.36041666666666666 0.0328125 0.04583333333333334
0 0.434375 0.325 0.0328125 0.044444444444444446
0 0.39140625 0.3590277777777778 0.029687500000000002 0.04583333333333334
0 0.39140625 0.32430555555555557 0.029687500000000002 0.043055555555555555
3 0.128515625 0.32916666666666666 0.11796875000000001 0.15555555555555556
3 0.478515625 0.30486111111111114 0.09609375 0.11805555555555557
2 0.63671875 0.40069444444444446 0.1203125 0.12083333333333333
