1 0.27382812500000003 0.2847222222222222 0.14296875 0.24444444444444446
2 0.49375 0.4486111111111111 0.134375 0.16111111111111112
0 0.36054687500000004 0.41805555555555557 0.04453125 0.07222222222222223
0 0.153125 0.4444444444444445 0.07500000000000001 0.08333333333333334
0 0.16875 0.5402777777777777 0.1046875 0.13333333333333333
0 0.16640625 0.4604166666666667 0.10625000000000001 0.12361111111111112
0 0.26328125 0.5486111111111112 0.09062500000000001 0.1388888888888889
0 0.26171875 0.46805555555555556 0.0921875 0.1277777777777778
3 0.7894531250000001 0.43472222222222223 0.26171875 0.325
3 0.0 0.6541666666666667 0.0 0.6916666666666667
2 0.087109375 0.39513888888888893 0.07890625000000001 0.11527777777777778
