1 0.598046875 0.21944444444444444 0.22421875000000002 0.4388888888888889
2 0.18125000000000002 0.5604166666666667 0.1234375 0.2125
0 0.34453125 0.4201388888888889 0.07500000000000001 0.1125
0 0.300390625 0.15763888888888888 0.06484375 0.09583333333333334
0 0.1375 0.21180555555555555 0.078125 0.09861111111111112
0 0.12890625 0.17916666666666667 0.08125 0.10277777777777779
0 0.109765625 0.28958333333333336 0.08359375000000001 0.10416666666666667
0 0.099609375 0.2569444444444445 0.08828125 0.10833333333333334
3 0.075390625 0.8729166666666667 0.15078125 0.25416666666666665
3 0.051953125 0.09027777777777778 0.10390625 0.18055555555555555
2 0.39882812500000003 0.06319444444444444 0.08828125 0.12638888888888888
