1 0.6136718750000001 0.4388888888888889 0.20859375000000002 0.5111111111111112
3 0.61484375 0.04097222222222222 0.15156250000000002 0.08194444444444444
2 0.182421875 0.36597222222222225 0.12109375 0.19305555555555556
0 0.345703125 0.40694444444444444 0.07265625 0.1388888888888889
0 0.41835937500000003 0.17152777777777778 0.06484375 0.11527777777777778
0 0.28164062500000003 0.09444444444444444 0.06015625 0.10833333333333334
0 0.279296875 0.061111111111111116 0.06171875 0.11111111111111112
0 0.23750000000000002 0.13055555555555556 0.0625 0.11111111111111112
0 0.23359375000000002 0.09791666666666667 0.06406250000000001 0.11527777777777778
3 0.034375 0.48541666666666666 0.06875 0.25972222222222224
3 0.252734375 0.0 0.11171875 0.0
2 0.54140625 0.16041666666666668 0.1 0.16805555555555557
