1 0.3765625 0.2791666666666667 0.1390625 0.2388888888888889
3 0.08164062500000001 0.3194444444444445 0.09453125000000001 0.14444444444444446
2 0.358984375 0.46944444444444444 0.12265625000000001 0.18333333333333335
0 0.35468750000000004 0.41875 0.0734375 0.0763888888888889
0 0.17421875 0.4041666666666667 0.07500000000000001 0.06944444444444445
0 0.051953125 0.46805555555555556 0.10390625 0.10277777777777779
0 0.05078125 0.4041666666666667 0.1015625 0.09444444444444444
0 0.07890625000000001 0.4930555555555556 0.1171875 0.11666666666666667
0 0.075390625 0.42291666666666666 0.11796875000000001 0.10694444444444445
3 0.679296875 0.56875 0.39921875 0.5680555555555555
2 0.18710937500000002 0.35833333333333334 0.08359375000000001 0.08888888888888889
