1 0.48554687500000004 0.7597222222222223 0.32265625000000003 0.40555555555555556
3 0.878515625 0.49097222222222225 0.24296875 0.38472222222222224
2 0.287109375 0.18541666666666667 0.07578125000000001 0.1763888888888889
0 0.355078125 0.39375 0.05859375 0.1375
0 0.55078125 0.3416666666666667 0.05625 0.13333333333333333
0 0.49843750000000003 0.12361111111111112 0.0484375 0.11111111111111112
0 0.503125 0.08888888888888889 0.05 0.11388888888888889
0 0.447265625 0.1 0.047656250000000004 0.10833333333333334
0 0.45039062500000004 0.06597222222222222 0.049218750000000006 0.1125
3 0.13125 0.09722222222222222 0.15000000000000002 0.19444444444444445
3 0.6003906250000001 0.03888888888888889 0.15703125 0.07777777777777778
2 0.669140625 0.5159722222222223 0.13828125 0.21805555555555556
