1 0.618359375 0.41944444444444445 0.20234375000000002 0.5166666666666667
3 0.6015625 0.03333333333333333 0.15156250000000002 0.06666666666666667
2 0.17695312500000002 0.3784722222222222 0.12421875 0.19305555555555556
0 0.3453125 0.4076388888888889 0.07500000000000001 0.14027777777777778
0 0.41132812500000004 0.16527777777777777 0.06640625 0.11666666666666667
0 0.26992187500000003 0.0951388888888889 0.06171875 0.10972222222222222
0 0.266796875 0.06180555555555556 0.06484375 0.1125
0 0.22617187500000002 0.13472222222222222 0.06484375 0.11388888888888889
0 0.22187500000000002 0.10138888888888889 0.0671875 0.11666666666666667
3 0.030859375 0.51875 0.06171875 0.2791666666666667
3 0.23515625 0.0 0.115625 0.0
2 0.534375 0.1451388888888889 0.09843750000000001 0.16527777777777777
