1 0.29765625 0.2798611111111111 0.1375 0.24305555555555555
3 0.0 0.3527777777777778 0.0 0.19722222222222224
2 0.475390625 0.45763888888888893 0.13203125000000002 0.17083333333333334
0 0.359375 0.41944444444444445 0.0546875 0.075
0 0.14570312500000002 0.43472222222222223 0.08046875 0.08333333333333334
0 0.114453125 0.5298611111111111 0.12109375 0.13472222222222222
0 0.111328125 0.45208333333333334 0.12265625000000001 0.12361111111111112
0 0.19921875 0.5458333333333334 0.11406250000000001 0.14444444444444446
0 0.19687500000000002 0.46319444444444446 0.115625 0.13194444444444445
3 0.8089843750000001 0.4666666666666667 0.32109375 0.3888888888888889
2 0.1015625 0.3840277777777778 0.08281250000000001 0.10972222222222222
