1 0.568359375 0.6909722222222222 0.33515625000000004 0.5097222222222222
3 0.8359375 0.26666666666666666 0.234375 0.33055555555555555
2 0.2421875 0.22222222222222224 0.09843750000000001 0.19722222222222224
0 0.35234375 0.3965277777777778 0.045312500000000006 0.12916666666666668
0 0.523046875 0.2638888888888889 0.057031250000000006 0.11666666666666667
0 0.43398437500000003 0.07986111111111112 0.04296875 0.10138888888888889
0 0.436328125 0.04861111111111111 0.04453125 0.09722222222222222
0 0.381640625 0.07569444444444445 0.03828125 0.10138888888888889
0 0.382421875 0.04652777777777778 0.039843750000000004 0.09305555555555556
3 0.071484375 0.14791666666666667 0.14296875 0.29583333333333334
3 0.494921875 0.0020833333333333333 0.13828125 0.004166666666666667
2 0.65625 0.3770833333333333 0.1390625 0.22083333333333335
