1 0.111328125 0.5673611111111111 0.22265625 0.5791666666666667
2 0.48945312500000004 0.23472222222222222 0.11484375000000001 0.18888888888888888
0 0.37109375 0.40625 0.06875 0.09583333333333334
0 0.48476562500000003 0.7479166666666667 0.09140625000000001 0.1125
0 0.6628906250000001 0.5861111111111111 0.10078125 0.10555555555555556
0 0.677734375 0.5618055555555556 0.10703125000000001 0.10972222222222222
0 0.6515625 0.47500000000000003 0.09375 0.1
0 0.6648437500000001 0.44722222222222224 0.09843750000000001 0.10277777777777779
3 0.51328125 0.0625 0.140625 0.125
3 0.9050781250000001 0.7493055555555556 0.18984375 0.4513888888888889
2 0.37109375 0.9361111111111111 0.1640625 0.1277777777777778
