1 0.133203125 0.32569444444444445 0.21015625000000002 0.5486111111111112
3 0.844921875 0.6472222222222223 0.31015625 0.7055555555555556
2 0.45351562500000003 0.3652777777777778 0.09453125000000001 0.1
0 0.37109375 0.41250000000000003 0.07187500000000001 0.06944444444444445
0 0.540625 0.4840277777777778 0.1125 0.10416666666666667
0 0.6734375 0.4340277777777778 0.1 0.07916666666666666
0 0.6765625000000001 0.3763888888888889 0.1015625 0.075
0 0.63671875 0.41250000000000003 0.08750000000000001 0.06944444444444445
0 0.638671875 0.36041666666666666 0.08828125 0.06527777777777778
3 0.439453125 0.3076388888888889 0.08828125 0.13472222222222222
3 0.9246093750000001 0.3979166666666667 0.15078125 0.2902777777777778
2 0.46992187500000004 0.5645833333333333 0.21953125 0.29305555555555557
