1 0.34804687500000003 0.2777777777777778 0.13359375 0.23611111111111113
3 0.039453125000000006 0.3277777777777778 0.07890625000000001 0.15833333333333333
2 0.40078125000000003 0.4673611111111111 0.1046875 0.1763888888888889
0 0.35585937500000003 0.41944444444444445 0.06953125 0.07777777777777778
0 0.15976562500000002 0.4131944444444445 0.07890625000000001 0.07361111111111111
0 0.0578125 0.48958333333333337 0.115625 0.11527777777777778
0 0.056640625 0.42083333333333334 0.11328125 0.10555555555555556
0 0.103515625 0.5131944444444445 0.12421875 0.12916666666666668
0 0.10039062500000001 0.43819444444444444 0.12578125 0.11805555555555557
3 0.7566406250000001 0.5395833333333333 0.40703125 0.5180555555555556
2 0.156640625 0.3652777777777778 0.08515625 0.09444444444444444
