1 0.6156250000000001 0.50625 0.2515625 0.5347222222222222
3 0.676953125 0.07083333333333333 0.16328125000000002 0.14166666666666666
2 0.19101562500000002 0.3229166666666667 0.11953125 0.2013888888888889
0 0.34687500000000004 0.40347222222222223 0.06875 0.14305555555555557
0 0.448046875 0.18472222222222223 0.06484375 0.11944444444444445
0 0.319921875 0.07708333333333334 0.055468750000000004 0.10972222222222222
0 0.318359375 0.04930555555555556 0.057031250000000006 0.09861111111111112
0 0.272265625 0.10347222222222223 0.057031250000000006 0.1125
0 0.26953125 0.06944444444444445 0.059375000000000004 0.11388888888888889
3 0.03828125 0.3819444444444445 0.0765625 0.27222222222222225
3 0.3125 0.0 0.1125 0.0
2 0.577734375 0.20208333333333334 0.11171875 0.18472222222222223
