1 0.09062500000000001 0.3125 0.16562500000000002 0.43333333333333335
3 0.24453125 0.6548611111111111 0.4890625 0.6902777777777778
2 0.5 0.3763888888888889 0.1 0.10277777777777779
0 0.369921875 0.41458333333333336 0.07109375 0.07083333333333333
0 0.44062500000000004 0.5055555555555555 0.1015625 0.11388888888888889
0 0.67890625 0.48125 0.11406250000000001 0.10138888888888889
0 0.6828125 0.41250000000000003 0.115625 0.09444444444444444
0 0.665234375 0.45208333333333334 0.09921875000000001 0.08750000000000001
0 0.6687500000000001 0.3902777777777778 0.1 0.08333333333333334
3 0.5328125 0.31666666666666665 0.1125 0.14722222222222223
3 0.9640625 0.5055555555555555 0.07187500000000001 0.47222222222222227
2 0.24921875000000002 0.5520833333333334 0.1859375 0.2569444444444445
