1 0.59375 0.31736111111111115 0.30000000000000004 0.5930555555555556
3 0.7683593750000001 0.33125 0.16171875000000002 0.18472222222222223
2 0.23515625 0.3680555555555556 0.09062500000000001 0.10833333333333334
0 0.35078125000000004 0.4118055555555556 0.053125000000000006 0.07916666666666666
0 0.501171875 0.38125000000000003 0.057031250000000006 0.0625
0 0.40156250000000004 0.35347222222222224 0.040625 0.04861111111111111
0 0.40156250000000004 0.3159722222222222 0.040625 0.04583333333333334
0 0.35625 0.3541666666666667 0.037500000000000006 0.05
0 0.35625 0.31666666666666665 0.037500000000000006 0.04722222222222222
3 0.065625 0.33055555555555555 0.13125 0.18333333333333335
3 0.431640625 0.2951388888888889 0.09609375 0.12083333333333333
2 0.6394531250000001 0.38333333333333336 0.12421875 0.12222222222222223
