1 0.1921875 0.33333333333333337 0.309375 0.6277777777777778
3 0.937109375 0.6375000000000001 0.12578125 0.725
2 0.40664062500000003 0.35833333333333334 0.08515625 0.09722222222222222
0 0.3671875 0.41250000000000003 0.078125 0.075
0 0.5808593750000001 0.45833333333333337 0.10234375000000001 0.1
0 0.630859375 0.40347222222222223 0.07890625000000001 0.07083333333333333
0 0.6332031250000001 0.3527777777777778 0.07890625000000001 0.06666666666666667
0 0.5859375 0.3875 0.07187500000000001 0.0638888888888889
0 0.5875 0.3423611111111111 0.07187500000000001 0.059722222222222225
3 0.35781250000000003 0.30486111111111114 0.0703125 0.13194444444444445
3 0.83125 0.3479166666666667 0.18906250000000002 0.20694444444444446
2 0.619140625 0.5326388888888889 0.17421875 0.2652777777777778
