1 0.15937500000000002 0.1902777777777778 0.23125 0.3805555555555556
2 0.5328125 0.5326388888888889 0.134375 0.23472222222222222
0 0.36757812500000003 0.4277777777777778 0.06484375 0.14166666666666666
0 0.21171875 0.6895833333333333 0.0734375 0.16805555555555557
0 0.36835937500000004 0.9340277777777778 0.08515625 0.13194444444444445
0 0.369140625 0.9277777777777778 0.08984375 0.14444444444444446
0 0.4453125 0.9125000000000001 0.0890625 0.17500000000000002
0 0.45039062500000004 0.9055555555555556 0.09453125000000001 0.18888888888888888
3 0.765625 0.45 0.225 0.3027777777777778
2 0.067578125 0.5958333333333333 0.13515625 0.24444444444444446
