1 0.146875 0.33472222222222225 0.1953125 0.49722222222222223
3 0.802734375 0.6555555555555556 0.39453125 0.6888888888888889
2 0.45 0.36736111111111114 0.09062500000000001 0.09583333333333334
0 0.369921875 0.41250000000000003 0.06796875000000001 0.06666666666666667
0 0.5261718750000001 0.4798611111111111 0.10390625 0.09583333333333334
0 0.65625 0.43333333333333335 0.09375 0.075
0 0.6589843750000001 0.3791666666666667 0.09453125000000001 0.07222222222222223
0 0.62265625 0.41250000000000003 0.08281250000000001 0.06666666666666667
0 0.625 0.36388888888888893 0.08281250000000001 0.0638888888888889
3 0.43828125 0.31180555555555556 0.0859375 0.13194444444444445
3 0.912109375 0.39861111111111114 0.17578125 0.275
2 0.455078125 0.5486111111111112 0.19921875 0.2611111111111111
