1 0.127734375 0.32569444444444445 0.15390625000000002 0.47361111111111115
3 0.560546875 0.6569444444444444 0.5867187500000001 0.6861111111111111
2 0.472265625 0.3701388888888889 0.09453125000000001 0.09861111111111112
0 0.37148437500000003 0.4131944444444445 0.06484375 0.06527777777777778
0 0.5007812500000001 0.4902777777777778 0.10312500000000001 0.09722222222222222
0 0.671875 0.45069444444444445 0.10312500000000001 0.07916666666666666
0 0.675390625 0.3909722222222222 0.10390625 0.0763888888888889
0 0.6449218750000001 0.42638888888888893 0.08984375 0.06944444444444445
0 0.64765625 0.3729166666666667 0.09062500000000001 0.06805555555555556
3 0.47695312500000003 0.3125 0.09609375 0.13611111111111113
3 0.94140625 0.43333333333333335 0.1171875 0.33611111111111114
2 0.37812500000000004 0.5555555555555556 0.2015625 0.26666666666666666
