1 0.640234375 0.29583333333333334 0.21640625000000002 0.5694444444444444
3 0.6644531250000001 0.3076388888888889 0.13828125 0.15416666666666667
2 0.18906250000000002 0.3784722222222222 0.115625 0.12361111111111112
0 0.34804687500000003 0.4131944444444445 0.07421875 0.08472222222222223
0 0.4578125 0.3701388888888889 0.06406250000000001 0.0625
0 0.335546875 0.3506944444444445 0.049218750000000006 0.051388888888888894
0 0.335546875 0.31180555555555556 0.049218750000000006 0.04861111111111111
0 0.28984375 0.3541666666666667 0.0484375 0.05277777777777778
0 0.28984375 0.3145833333333333 0.0484375 0.051388888888888894
3 0.02734375 0.34652777777777777 0.0546875 0.22916666666666669
3 0.338671875 0.28958333333333336 0.09140625000000001 0.12083333333333333
2 0.58828125 0.3611111111111111 0.10312500000000001 0.10833333333333334
