1 0.24570312500000002 0.2798611111111111 0.15859375 0.26805555555555555
2 0.5234375 0.4451388888888889 0.1484375 0.17083333333333334
0 0.36484375 0.41875 0.0484375 0.0763888888888889
0 0.14296875 0.45763888888888893 0.078125 0.09583333333333334
0 0.20429687500000002 0.5694444444444444 0.10078125 0.16111111111111112
0 0.201953125 0.4777777777777778 0.10234375000000001 0.14722222222222223
0 0.32265625000000003 0.5708333333333333 0.0859375 0.16111111111111112
0 0.322265625 0.4791666666666667 0.08671875000000001 0.14722222222222223
3 0.83359375 0.41458333333333336 0.2734375 0.3125
3 0.03359375 0.65 0.0671875 0.7000000000000001
2 0.055468750000000004 0.40625 0.0921875 0.13472222222222222
