1 0.19140625 0.3340277777777778 0.30312500000000003 0.6180555555555556
3 0.9324218750000001 0.638888888888889 0.13515625 0.7222222222222222
2 0.408203125 0.3590277777777778 0.08515625 0.09583333333333334
0 0.3671875 0.41250000000000003 0.078125 0.075
0 0.5789062500000001 0.4590277777777778 0.1015625 0.09861111111111112
0 0.6316406250000001 0.40347222222222223 0.07890625000000001 0.07083333333333333
0 0.633984375 0.3541666666666667 0.08046875 0.06666666666666667
0 0.5875 0.3888888888888889 0.07187500000000001 0.0638888888888889
0 0.5886718750000001 0.3423611111111111 0.07265625 0.059722222222222225
3 0.361328125 0.30486111111111114 0.07109375 0.13194444444444445
3 0.83359375 0.3493055555555556 0.18906250000000002 0.20694444444444446
2 0.6125 0.5319444444444444 0.17500000000000002 0.2638888888888889
