1 0.21796875000000002 0.28194444444444444 0.16718750000000002 0.28055555555555556
2 0.53828125 0.4361111111111111 0.14375000000000002 0.16111111111111112
0 0.366796875 0.41805555555555557 0.05859375 0.07777777777777778
0 0.15742187500000002 0.47222222222222227 0.06796875000000001 0.10555555555555556
0 0.291796875 0.58125 0.09453125000000001 0.1736111111111111
0 0.290625 0.48680555555555555 0.09531250000000001 0.15694444444444444
0 0.40703125 0.5715277777777777 0.109375 0.16805555555555557
0 0.408203125 0.4798611111111111 0.11171875 0.1513888888888889
3 0.8089843750000001 0.38958333333333334 0.24296875 0.26805555555555555
3 0.16757812500000002 0.6548611111111111 0.33515625000000004 0.6902777777777778
2 0.048046875 0.4236111111111111 0.09609375 0.15
