1 0.587109375 0.325 0.18046875 0.4361111111111111
3 0.6277343750000001 0.3180555555555556 0.11796875000000001 0.1388888888888889
2 0.21054687500000002 0.3826388888888889 0.09921875000000001 0.10694444444444445
0 0.34804687500000003 0.4131944444444445 0.06328125 0.07361111111111111
0 0.444140625 0.375 0.055468750000000004 0.05555555555555556
0 0.3359375 0.35694444444444445 0.043750000000000004 0.04722222222222222
0 0.335546875 0.32222222222222224 0.04453125 0.044444444444444446
0 0.29531250000000003 0.36041666666666666 0.043750000000000004 0.04861111111111111
0 0.29531250000000003 0.32569444444444445 0.043750000000000004 0.04583333333333334
3 0.047265625000000006 0.35694444444444445 0.09453125000000001 0.19722222222222224
3 0.337890625 0.3 0.08359375000000001 0.11111111111111112
2 0.5574218750000001 0.36736111111111114 0.08984375 0.09583333333333334
