1 0.436328125 0.3416666666666667 0.29921875000000003 0.5111111111111112
3 0.890625 0.4027777777777778 0.21875 0.2777777777777778
2 0.31328125 0.3611111111111111 0.05625 0.08888888888888889
0 0.35664062500000004 0.4118055555555556 0.06015625 0.07083333333333333
0 0.54609375 0.4083333333333333 0.0484375 0.06944444444444445
0 0.49921875000000004 0.36875 0.040625 0.051388888888888894
0 0.5 0.33125 0.040625 0.04861111111111111
0 0.45546875000000003 0.36388888888888893 0.040625 0.05
0 0.45625000000000004 0.3277777777777778 0.040625 0.04722222222222222
3 0.209375 0.31736111111111115 0.08750000000000001 0.14027777777777778
3 0.58046875 0.3138888888888889 0.1125 0.13333333333333333
2 0.6722656250000001 0.4326388888888889 0.13828125 0.14305555555555557
