1 0.22031250000000002 0.7479166666666667 0.325 0.5041666666666667
3 0.8578125000000001 0.982638888888889 0.284375 0.034722222222222224
2 0.39687500000000003 0.17083333333333334 0.09375 0.18888888888888888
0 0.365234375 0.3979166666666667 0.07890625000000001 0.1375
0 0.5632812500000001 0.5631944444444444 0.09375 0.15416666666666667
0 0.6214843750000001 0.3138888888888889 0.08359375000000001 0.1277777777777778
0 0.6328125 0.2826388888888889 0.08750000000000001 0.13194444444444445
0 0.58203125 0.24305555555555555 0.078125 0.12222222222222223
0 0.5906250000000001 0.21041666666666667 0.08125 0.12638888888888888
3 0.32656250000000003 0.035416666666666666 0.084375 0.07083333333333333
3 0.8308593750000001 0.23750000000000002 0.20546875 0.3055555555555556
2 0.583203125 0.8555555555555556 0.14609375 0.2888888888888889
