1 0.651953125 0.5159722222222223 0.29296875 0.6041666666666667
3 0.7054687500000001 0.05902777777777778 0.184375 0.11805555555555557
2 0.17304687500000002 0.3125 0.13359375 0.22222222222222224
0 0.3453125 0.40208333333333335 0.0765625 0.15694444444444444
0 0.45625000000000004 0.16319444444444445 0.07187500000000001 0.12916666666666668
0 0.316015625 0.05347222222222223 0.06015625 0.10694444444444445
0 0.3140625 0.035416666666666666 0.0625 0.07083333333333333
0 0.264453125 0.0763888888888889 0.06171875 0.11944444444444445
0 0.261328125 0.050694444444444445 0.06484375 0.10138888888888889
3 0.02421875 0.37777777777777777 0.0484375 0.3027777777777778
2 0.598046875 0.18125 0.12421875 0.2013888888888889
