1 0.43593750000000003 0.28125 0.1484375 0.25416666666666665
3 0.18046875 0.3076388888888889 0.09062500000000001 0.12638888888888888
2 0.28046875 0.46597222222222223 0.15000000000000002 0.18472222222222223
0 0.35195312500000003 0.41805555555555557 0.07578125000000001 0.075
0 0.2109375 0.38819444444444445 0.06406250000000001 0.059722222222222225
0 0.06406250000000001 0.4305555555555556 0.08125 0.08055555555555556
0 0.061328125000000004 0.3763888888888889 0.08203125 0.075
0 0.06328125 0.4527777777777778 0.09062500000000001 0.09166666666666667
0 0.060546875 0.39305555555555555 0.09140625000000001 0.08611111111111111
3 0.353125 0.6062500000000001 0.3015625 0.6347222222222223
2 0.251171875 0.34861111111111115 0.08046875 0.08333333333333334
