1 0.1875 0.28055555555555556 0.1796875 0.3027777777777778
2 0.55078125 0.4256944444444445 0.1390625 0.15694444444444444
0 0.36796875 0.41805555555555557 0.0671875 0.08055555555555556
0 0.176171875 0.48680555555555555 0.07421875 0.12083333333333333
0 0.37343750000000003 0.59375 0.12812500000000002 0.1902777777777778
0 0.373828125 0.49375 0.13046875 0.17083333333333334
0 0.48554687500000004 0.5729166666666667 0.13671875 0.1763888888888889
0 0.48750000000000004 0.4777777777777778 0.1390625 0.15833333333333333
3 0.787109375 0.3680555555555556 0.23046875 0.24166666666666667
3 0.455859375 0.6534722222222222 0.91171875 0.6930555555555555
2 0.044140625 0.4416666666666667 0.08828125 0.17222222222222222
