1 0.16367187500000002 0.3354166666666667 0.24921875000000002 0.5569444444444445
3 0.884765625 0.6472222222222223 0.23046875 0.7055555555555556
2 0.43007812500000003 0.3625 0.08828125 0.09722222222222222
0 0.36875 0.41250000000000003 0.0734375 0.06944444444444445
0 0.555859375 0.4701388888888889 0.10546875 0.09861111111111112
0 0.64765625 0.41875 0.08750000000000001 0.07361111111111111
0 0.650390625 0.3666666666666667 0.08828125 0.06944444444444445
0 0.6078125000000001 0.40069444444444446 0.078125 0.06527777777777778
0 0.6097656250000001 0.3527777777777778 0.07890625000000001 0.061111111111111116
3 0.40078125000000003 0.3076388888888889 0.078125 0.13194444444444445
3 0.8875000000000001 0.37222222222222223 0.20625000000000002 0.2388888888888889
2 0.5359375000000001 0.545138888888889 0.19687500000000002 0.26805555555555555
