1 0.16132812500000002 0.6979166666666667 0.30546875 0.5625
2 0.43398437500000003 0.18680555555555556 0.10390625 0.19305555555555556
0 0.36835937500000004 0.4 0.07734375 0.125
0 0.542578125 0.638888888888889 0.09765625 0.14444444444444446
0 0.6468750000000001 0.4083333333333333 0.0921875 0.125
0 0.659375 0.3784722222222222 0.096875 0.12916666666666668
0 0.6156250000000001 0.32083333333333336 0.0859375 0.11666666666666667
0 0.626171875 0.28958333333333336 0.08984375 0.12083333333333333
3 0.4 0.03958333333333333 0.1015625 0.07916666666666666
3 0.892578125 0.4013888888888889 0.21484375 0.35833333333333334
2 0.5144531250000001 0.8944444444444445 0.16171875000000002 0.2111111111111111
