1 0.35234375 0.27847222222222223 0.134375 0.23472222222222222
3 0.044140625 0.3263888888888889 0.08828125 0.15555555555555556
2 0.392578125 0.4673611111111111 0.10390625 0.1763888888888889
0 0.35585937500000003 0.41875 0.06953125 0.0763888888888889
0 0.16328125000000002 0.41111111111111115 0.078125 0.07222222222222223
0 0.0578125 0.4847222222222222 0.115625 0.11111111111111112
0 0.056640625 0.41805555555555557 0.11328125 0.10277777777777779
0 0.1015625 0.5090277777777777 0.12187500000000001 0.12638888888888888
0 0.09843750000000001 0.4354166666666667 0.1234375 0.11527777777777778
3 0.7406250000000001 0.5416666666666667 0.40156250000000004 0.5194444444444445
2 0.1625 0.36388888888888893 0.084375 0.09166666666666667
