1 0.1265625 0.2798611111111111 0.20625000000000002 0.3597222222222222
2 0.559765625 0.40555555555555556 0.11640625 0.14166666666666666
0 0.370703125 0.4173611111111111 0.08203125 0.08472222222222223
0 0.2390625 0.5159722222222223 0.115625 0.14583333333333334
0 0.55390625 0.5923611111111111 0.16875 0.19861111111111113
0 0.55703125 0.48750000000000004 0.171875 0.17777777777777778
0 0.6273437500000001 0.5513888888888889 0.15625 0.16944444444444445
0 0.6312500000000001 0.45763888888888893 0.15937500000000002 0.1513888888888889
3 0.7203125 0.3368055555555556 0.19375 0.19861111111111113
3 0.81171875 0.6416666666666667 0.3765625 0.7166666666666667
2 0.051171875000000006 0.4902777777777778 0.10234375000000001 0.225
