1 0.634375 0.30694444444444446 0.203125 0.4916666666666667
3 0.505078125 0.002777777777777778 0.14140625 0.005555555555555556
2 0.16328125000000002 0.46111111111111114 0.1265625 0.17777777777777778
0 0.34414062500000003 0.4138888888888889 0.08046875 0.13611111111111113
0 0.36054687500000004 0.14583333333333334 0.06796875000000001 0.11111111111111112
0 0.203125 0.13125 0.07187500000000001 0.10972222222222222
0 0.19765625 0.09583333333333334 0.07500000000000001 0.11388888888888889
0 0.1640625 0.18819444444444444 0.0765625 0.11527777777777778
0 0.15703125 0.15486111111111112 0.07968750000000001 0.11805555555555557
3 0.03359375 0.7361111111111112 0.0671875 0.38333333333333336
3 0.128515625 0.025694444444444447 0.14765625000000002 0.051388888888888894
2 0.47734375 0.08125 0.084375 0.14305555555555557
