1 0.46210937500000004 0.7791666666666667 0.32421875 0.37777777777777777
3 0.884375 0.5590277777777778 0.23125 0.40694444444444444
2 0.298046875 0.1763888888888889 0.07109375 0.17222222222222222
0 0.35625 0.39375 0.06406250000000001 0.14305555555555557
0 0.558984375 0.36388888888888893 0.06171875 0.1388888888888889
0 0.515625 0.13472222222222222 0.053125000000000006 0.11666666666666667
0 0.521484375 0.1 0.055468750000000004 0.11944444444444445
0 0.46523437500000003 0.10625 0.05234375 0.1125
0 0.46914062500000003 0.07152777777777779 0.05390625 0.11527777777777778
3 0.15000000000000002 0.08541666666666667 0.1421875 0.17083333333333334
3 0.630078125 0.04930555555555556 0.16484375 0.09861111111111112
2 0.673046875 0.5548611111111111 0.13984375000000002 0.21805555555555556
