1 0.56640625 0.33194444444444443 0.26875 0.513888888888889
3 0.7421875 0.3368055555555556 0.1484375 0.1763888888888889
2 0.24375000000000002 0.3701388888888889 0.084375 0.10138888888888889
0 0.351171875 0.4118055555555556 0.049218750000000006 0.07083333333333333
0 0.49296875 0.38333333333333336 0.053125000000000006 0.058333333333333334
0 0.40078125000000003 0.35694444444444445 0.037500000000000006 0.04722222222222222
0 0.401171875 0.32083333333333336 0.03828125 0.044444444444444446
0 0.35781250000000003 0.35694444444444445 0.034375 0.04722222222222222
0 0.357421875 0.3215277777777778 0.03515625 0.04583333333333334
3 0.07578125000000001 0.33472222222222225 0.1421875 0.17222222222222222
3 0.43046875 0.3 0.0921875 0.11666666666666667
2 0.6203125 0.3861111111111111 0.11406250000000001 0.11388888888888889
