1 0.2609375 0.7611111111111112 0.31562500000000004 0.47222222222222227
3 0.862890625 0.9173611111111112 0.27421875 0.16527777777777777
2 0.378515625 0.17222222222222222 0.08671875000000001 0.18055555555555555
0 0.36367187500000003 0.39722222222222225 0.07578125000000001 0.13611111111111113
0 0.5613281250000001 0.5236111111111111 0.08671875000000001 0.15
0 0.60078125 0.2791666666666667 0.0765625 0.125
0 0.6097656250000001 0.24791666666666667 0.08046875 0.12916666666666668
0 0.558984375 0.21666666666666667 0.07265625 0.11944444444444445
0 0.56640625 0.18472222222222223 0.07500000000000001 0.12222222222222223
3 0.298828125 0.04236111111111111 0.08046875 0.08472222222222223
3 0.78671875 0.18125 0.19062500000000002 0.28750000000000003
2 0.598828125 0.7944444444444445 0.12890625 0.26944444444444443
