1 0.140625 0.3298611111111111 0.20625000000000002 0.5291666666666667
3 0.839453125 0.6506944444444445 0.32109375 0.6986111111111112
2 0.451171875 0.3652777777777778 0.09296875 0.09722222222222222
0 0.37109375 0.41250000000000003 0.0703125 0.06944444444444445
0 0.5375 0.48125 0.109375 0.10138888888888889
0 0.6664062500000001 0.43333333333333335 0.096875 0.07777777777777778
0 0.66953125 0.3770833333333333 0.09843750000000001 0.07361111111111111
0 0.630859375 0.4118055555555556 0.08515625 0.06805555555555556
0 0.6328125 0.3611111111111111 0.0859375 0.0638888888888889
3 0.437109375 0.3090277777777778 0.08671875000000001 0.13472222222222222
3 0.9183593750000001 0.3965277777777778 0.16328125000000002 0.28194444444444444
2 0.46992187500000004 0.5576388888888889 0.21171875 0.2791666666666667
