1 0.525 0.32222222222222224 0.359375 0.6333333333333333
3 0.8921875 0.36875 0.215625 0.25416666666666665
2 0.2828125 0.3597222222222222 0.06875 0.1
0 0.353515625 0.41111111111111115 0.057031250000000006 0.07777777777777778
0 0.546875 0.3965277777777778 0.05 0.07083333333333333
0 0.470703125 0.3590277777777778 0.03515625 0.051388888888888894
0 0.471484375 0.3201388888888889 0.03515625 0.04861111111111111
0 0.4234375 0.35625 0.035937500000000004 0.051388888888888894
0 0.423828125 0.3180555555555556 0.03671875 0.04722222222222222
3 0.146875 0.3159722222222222 0.1125 0.15972222222222224
3 0.533203125 0.30069444444444443 0.11015625000000001 0.13194444444444445
2 0.6957031250000001 0.4138888888888889 0.15234375 0.14722222222222223
