1 0.49843750000000003 0.15625 0.203125 0.3125
3 0.20429687500000002 0.02013888888888889 0.12109375 0.04027777777777778
2 0.25390625 0.6680555555555556 0.134375 0.25
0 0.34921875 0.4277777777777778 0.0734375 0.11666666666666667
0 0.226953125 0.23472222222222222 0.06640625 0.10277777777777779
0 0.087890625 0.39861111111111114 0.07734375 0.11388888888888889
0 0.0765625 0.37083333333333335 0.08125 0.11944444444444445
0 0.08750000000000001 0.49097222222222225 0.08125 0.12083333333333333
0 0.076171875 0.46597222222222223 0.08515625 0.12638888888888888
3 0.234375 0.9645833333333333 0.2328125 0.07083333333333333
3 0.0 0.31875000000000003 0.0 0.3263888888888889
2 0.27890625 0.08263888888888889 0.09375 0.16527777777777777
