1 0.13007812500000002 0.3277777777777778 0.15078125 0.4638888888888889
3 0.5417968750000001 0.6583333333333333 0.55078125 0.6833333333333333
2 0.4703125 0.37083333333333335 0.09375 0.09722222222222222
0 0.37031250000000004 0.41250000000000003 0.06406250000000001 0.0638888888888889
0 0.49648437500000003 0.48958333333333337 0.10078125 0.09583333333333334
0 0.6664062500000001 0.45069444444444445 0.1015625 0.07916666666666666
0 0.669140625 0.39166666666666666 0.10234375000000001 0.075
0 0.640234375 0.42638888888888893 0.08828125 0.06944444444444445
0 0.642578125 0.3736111111111111 0.08984375 0.06666666666666667
3 0.47578125000000004 0.3138888888888889 0.09531250000000001 0.13611111111111113
3 0.937109375 0.43194444444444446 0.12578125 0.33055555555555555
2 0.37578125 0.5520833333333334 0.19687500000000002 0.25972222222222224
