1 0.31562500000000004 0.7868055555555555 0.32656250000000003 0.42638888888888893
3 0.880859375 0.8347222222222223 0.23828125 0.33055555555555555
2 0.351171875 0.1638888888888889 0.08046875 0.17777777777777778
0 0.36171875000000003 0.39513888888888893 0.07500000000000001 0.14305555555555557
0 0.569921875 0.4701388888888889 0.08203125 0.1513888888888889
0 0.5796875 0.2215277777777778 0.0703125 0.12638888888888888
0 0.58828125 0.18819444444444444 0.0734375 0.12916666666666668
0 0.53359375 0.1701388888888889 0.0671875 0.12083333333333333
0 0.5398437500000001 0.13680555555555557 0.0703125 0.12361111111111112
3 0.25 0.05 0.1 0.1
3 0.744140625 0.11805555555555557 0.18671875000000002 0.23611111111111113
2 0.6394531250000001 0.7263888888888889 0.11796875000000001 0.25277777777777777
