1 0.07968750000000001 0.2986111111111111 0.15937500000000002 0.4861111111111111
3 0.267578125 0.6395833333333334 0.53515625 0.7208333333333333
2 0.5105468750000001 0.3736111111111111 0.10859375 0.11111111111111112
0 0.370703125 0.41458333333333336 0.07734375 0.0763888888888889
0 0.448828125 0.5180555555555556 0.11484375000000001 0.13055555555555556
0 0.716015625 0.48958333333333337 0.13203125000000002 0.11527777777777778
0 0.7203125 0.4131944444444445 0.134375 0.10694444444444445
0 0.696484375 0.45555555555555555 0.11328125 0.09722222222222222
0 0.700390625 0.3888888888888889 0.11484375000000001 0.09166666666666667
3 0.544140625 0.31180555555555556 0.11953125 0.15416666666666667
2 0.223046875 0.576388888888889 0.22265625 0.3055555555555556
