1 0.603515625 0.6513888888888889 0.33984375 0.5555555555555556
3 0.805859375 0.17222222222222222 0.21328125 0.3111111111111111
2 0.219140625 0.24027777777777778 0.11015625000000001 0.20833333333333334
0 0.35000000000000003 0.3965277777777778 0.05625 0.14027777777777778
0 0.508203125 0.22847222222222224 0.06328125 0.12361111111111112
0 0.401953125 0.06041666666666667 0.047656250000000004 0.10694444444444445
0 0.403125 0.03958333333333333 0.05 0.07916666666666666
0 0.3484375 0.06527777777777778 0.045312500000000006 0.10833333333333334
0 0.3484375 0.043055555555555555 0.046875 0.08611111111111111
3 0.055468750000000004 0.19444444444444445 0.11093750000000001 0.3138888888888889
3 0.444921875 0.0 0.13203125000000002 0.0
2 0.648046875 0.3138888888888889 0.13828125 0.21944444444444444
