1 0.5925781250000001 0.29097222222222224 0.16328125000000002 0.34861111111111115
3 0.443359375 0.2986111111111111 0.09765625 0.11944444444444445
2 0.16015625 0.4131944444444445 0.125 0.13194444444444445
0 0.34492187500000004 0.4152777777777778 0.07890625000000001 0.075
0 0.345703125 0.3666666666666667 0.05859375 0.05277777777777778
0 0.20429687500000002 0.3680555555555556 0.06171875 0.05277777777777778
0 0.203515625 0.3277777777777778 0.06171875 0.05
0 0.16757812500000002 0.37777777777777777 0.06640625 0.058333333333333334
0 0.16640625 0.3354166666666667 0.0671875 0.05416666666666667
3 0.004687500000000001 0.4479166666666667 0.009375000000000001 0.3791666666666667
3 0.15078125 0.30625 0.1046875 0.13194444444444445
2 0.44062500000000004 0.34305555555555556 0.0703125 0.07777777777777778
