1 0.630078125 0.2972222222222222 0.14609375 0.425
3 0.5398437500000001 0.30069444444444443 0.11093750000000001 0.12916666666666668
2 0.16640625 0.39513888888888893 0.125 0.12638888888888888
0 0.34453125 0.41458333333333336 0.07968750000000001 0.07916666666666666
0 0.39687500000000003 0.3666666666666667 0.060937500000000006 0.05555555555555556
0 0.26601562500000003 0.3576388888888889 0.055468750000000004 0.051388888888888894
0 0.265234375 0.3194444444444445 0.055468750000000004 0.04722222222222222
0 0.224609375 0.36458333333333337 0.057031250000000006 0.05416666666666667
0 0.22382812500000002 0.32430555555555557 0.057031250000000006 0.051388888888888894
3 0.009375000000000001 0.3875 0.018750000000000003 0.2777777777777778
3 0.24140625000000002 0.2965277777777778 0.0890625 0.12083333333333333
2 0.50546875 0.35000000000000003 0.07500000000000001 0.08888888888888889
