1 0.464453125 0.28125 0.15546875000000002 0.26805555555555555
3 0.22265625 0.30347222222222225 0.09062500000000001 0.12361111111111112
2 0.24609375 0.4618055555555556 0.1546875 0.18472222222222223
0 0.350390625 0.41805555555555557 0.07578125000000001 0.075
0 0.22890625 0.38125000000000003 0.059375000000000004 0.05694444444444444
0 0.073046875 0.41597222222222224 0.07578125000000001 0.07361111111111111
0 0.0703125 0.36458333333333337 0.0765625 0.06805555555555556
0 0.060546875 0.43680555555555556 0.08515625 0.08194444444444444
0 0.058203125 0.3805555555555556 0.08671875000000001 0.07777777777777778
3 0.189453125 0.6222222222222222 0.37890625 0.6805555555555556
3 0.0 0.35694444444444445 0.0 0.2111111111111111
2 0.28046875 0.3451388888888889 0.07968750000000001 0.08194444444444444
