1 0.38007812500000004 0.27708333333333335 0.14140625 0.24305555555555555
3 0.083984375 0.31666666666666665 0.09609375 0.14444444444444446
2 0.35390625000000003 0.4715277777777778 0.12812500000000002 0.1875
0 0.354296875 0.41944444444444445 0.07578125000000001 0.07777777777777778
0 0.17304687500000002 0.4027777777777778 0.07578125000000001 0.06944444444444445
0 0.048828125 0.4673611111111111 0.09765625 0.10416666666666667
0 0.047656250000000004 0.4027777777777778 0.09531250000000001 0.09444444444444444
0 0.0703125 0.49236111111111114 0.11875000000000001 0.11805555555555557
0 0.066796875 0.4222222222222222 0.11953125 0.10833333333333334
3 0.6828125 0.58125 0.41718750000000004 0.5986111111111111
2 0.18828125 0.3576388888888889 0.084375 0.09027777777777778
