1 0.54609375 0.3298611111111111 0.31562500000000004 0.5680555555555555
3 0.8167968750000001 0.35208333333333336 0.18359375 0.20972222222222223
2 0.264453125 0.36458333333333337 0.07578125000000001 0.09861111111111112
0 0.351171875 0.41111111111111115 0.04609375 0.07222222222222223
0 0.5203125000000001 0.38958333333333334 0.051562500000000004 0.0625
0 0.4375 0.3576388888888889 0.034375 0.04861111111111111
0 0.43789062500000003 0.3201388888888889 0.03515625 0.04583333333333334
0 0.39296875000000003 0.35625 0.03125 0.04861111111111111
0 0.39296875000000003 0.3194444444444445 0.03125 0.044444444444444446
3 0.11484375000000001 0.32430555555555557 0.125 0.1625
3 0.483984375 0.30069444444444443 0.10078125 0.12361111111111112
2 0.657421875 0.3993055555555556 0.13203125000000002 0.12916666666666668
