1 0.2515625 0.12847222222222224 0.1953125 0.2569444444444445
2 0.48164062500000004 0.6534722222222222 0.12578125 0.24305555555555555
0 0.361328125 0.43194444444444446 0.049218750000000006 0.13055555555555556
0 0.15742187500000002 0.5423611111111112 0.07109375 0.14027777777777778
0 0.19648437500000002 0.8923611111111112 0.08046875 0.1736111111111111
0 0.187890625 0.8812500000000001 0.08515625 0.18194444444444446
0 0.27265625 0.9166666666666667 0.07187500000000001 0.16666666666666669
0 0.26796875000000003 0.9097222222222222 0.0765625 0.18055555555555555
3 0.755859375 0.7784722222222222 0.28828125 0.4236111111111111
2 0.076171875 0.3701388888888889 0.09921875000000001 0.20416666666666666
