1 0.618359375 0.25069444444444444 0.21640625000000002 0.4791666666666667
2 0.16718750000000002 0.5104166666666667 0.11875000000000001 0.18472222222222223
0 0.34375 0.4166666666666667 0.078125 0.125
0 0.330078125 0.14930555555555555 0.06640625 0.10416666666666667
0 0.16875 0.16805555555555557 0.07500000000000001 0.10555555555555556
0 0.16171875000000002 0.13333333333333333 0.078125 0.10833333333333334
0 0.135546875 0.23472222222222222 0.08046875 0.11111111111111112
0 0.1265625 0.20208333333333334 0.084375 0.11527777777777778
3 0.051171875000000006 0.8222222222222223 0.10234375000000001 0.35555555555555557
3 0.076171875 0.05486111111111111 0.15234375 0.10972222222222222
2 0.43867187500000004 0.06666666666666667 0.08671875000000001 0.13333333333333333
