1 0.15859375 0.28125 0.1921875 0.3263888888888889
2 0.55703125 0.41597222222222224 0.1296875 0.1486111111111111
0 0.36953125000000003 0.41805555555555557 0.07500000000000001 0.08333333333333334
0 0.203515625 0.5013888888888889 0.09453125000000001 0.13055555555555556
0 0.46328125000000003 0.5958333333333333 0.153125 0.19722222222222224
0 0.46523437500000003 0.49375 0.15546875000000002 0.1763888888888889
0 0.5593750000000001 0.5645833333333333 0.15156250000000002 0.1736111111111111
0 0.562890625 0.4701388888888889 0.15390625000000002 0.15694444444444444
3 0.7542968750000001 0.3506944444444445 0.21171875 0.2152777777777778
3 0.6296875000000001 0.6506944444444445 0.7406250000000001 0.6986111111111112
2 0.045703125000000004 0.4638888888888889 0.09140625000000001 0.19444444444444445
