1 0.10859375 0.5743055555555556 0.2171875 0.6041666666666667
2 0.49375 0.22847222222222224 0.11875000000000001 0.19583333333333333
0 0.371875 0.40555555555555556 0.07187500000000001 0.1
0 0.490234375 0.7625000000000001 0.09609375 0.11666666666666667
0 0.675390625 0.5930555555555556 0.10546875 0.10833333333333334
0 0.69140625 0.5680555555555555 0.1125 0.11388888888888889
0 0.6625000000000001 0.4777777777777778 0.09843750000000001 0.10277777777777779
0 0.676953125 0.4486111111111111 0.10390625 0.10833333333333334
3 0.5183593750000001 0.05763888888888889 0.14609375 0.11527777777777778
3 0.9148437500000001 0.7645833333333334 0.1703125 0.4708333333333333
2 0.371875 0.9479166666666667 0.17343750000000002 0.10416666666666667
