1 0.0921875 0.5020833333333333 0.184375 0.5819444444444445
2 0.51484375 0.2604166666666667 0.1203125 0.1875
0 0.371875 0.40902777777777777 0.0765625 0.11527777777777778
0 0.44921875 0.7965277777777778 0.09375 0.14305555555555557
0 0.6644531250000001 0.68125 0.10234375000000001 0.13472222222222222
0 0.680859375 0.6597222222222222 0.11015625000000001 0.14166666666666666
0 0.6644531250000001 0.5590277777777778 0.09609375 0.12638888888888888
0 0.6796875 0.5326388888888889 0.10312500000000001 0.13194444444444445
3 0.56875 0.07569444444444445 0.1640625 0.1513888888888889
3 0.90234375 0.8534722222222223 0.1953125 0.29305555555555557
2 0.29609375 0.9506944444444445 0.15937500000000002 0.09861111111111112
