1 0.08164062500000001 0.3055555555555556 0.16328125000000002 0.5361111111111111
3 0.5 0.638888888888889 1.0 0.7222222222222222
2 0.490234375 0.3680555555555556 0.10546875 0.10833333333333334
0 0.37031250000000004 0.4131944444444445 0.07187500000000001 0.07361111111111111
0 0.5027343750000001 0.5076388888888889 0.11796875000000001 0.11805555555555557
0 0.714453125 0.4652777777777778 0.12421875 0.09722222222222222
0 0.71875 0.39513888888888893 0.1265625 0.09305555555555556
0 0.68359375 0.4361111111111111 0.10625000000000001 0.08333333333333334
0 0.68671875 0.37430555555555556 0.1078125 0.07916666666666666
3 0.501953125 0.30833333333333335 0.10703125000000001 0.14722222222222223
3 0.9890625000000001 0.4638888888888889 0.021875000000000002 0.4361111111111111
2 0.3359375 0.5888888888888889 0.23593750000000002 0.3277777777777778
