1 0.15781250000000002 0.3298611111111111 0.2671875 0.5986111111111111
3 0.907421875 0.6416666666666667 0.18515625000000002 0.7166666666666667
2 0.43007812500000003 0.3611111111111111 0.08984375 0.1
0 0.36953125000000003 0.4118055555555556 0.0765625 0.07361111111111111
0 0.567578125 0.4715277777777778 0.11015625000000001 0.10416666666666667
0 0.655859375 0.4166666666666667 0.08984375 0.075
0 0.6585937500000001 0.36319444444444443 0.09062500000000001 0.07083333333333333
0 0.61328125 0.39861111111111114 0.07968750000000001 0.06666666666666667
0 0.615234375 0.35000000000000003 0.08046875 0.0638888888888889
3 0.39765625000000004 0.3055555555555556 0.078125 0.13333333333333333
3 0.89609375 0.3680555555555556 0.2078125 0.24166666666666667
2 0.556640625 0.5527777777777778 0.20703125 0.28611111111111115
