1 0.583984375 0.29583333333333334 0.15546875000000002 0.33333333333333337
3 0.44062500000000004 0.30069444444444443 0.09531250000000001 0.11805555555555557
2 0.16757812500000002 0.4131944444444445 0.11953125 0.12638888888888888
0 0.3453125 0.4152777777777778 0.07500000000000001 0.07222222222222223
0 0.34492187500000004 0.36875 0.057031250000000006 0.051388888888888894
0 0.207421875 0.36875 0.06015625 0.051388888888888894
0 0.20664062500000002 0.3298611111111111 0.06015625 0.04861111111111111
0 0.171875 0.3791666666666667 0.065625 0.05555555555555556
0 0.17109375000000002 0.3375 0.065625 0.05277777777777778
3 0.012109375 0.44583333333333336 0.02421875 0.35833333333333334
3 0.154296875 0.30833333333333335 0.10234375000000001 0.13055555555555556
2 0.43828125 0.3451388888888889 0.06875 0.0763888888888889
