1 0.094921875 0.2868055555555556 0.18984375 0.40972222222222227
3 0.0 0.6340277777777779 0.0 0.7319444444444445
2 0.5453125 0.38680555555555557 0.109375 0.12083333333333333
0 0.37109375 0.41597222222222224 0.084375 0.08194444444444444
0 0.33906250000000004 0.5263888888888889 0.13125 0.14722222222222223
0 0.6667968750000001 0.545138888888889 0.14140625 0.15972222222222224
0 0.671484375 0.4527777777777778 0.14296875 0.14444444444444446
0 0.6878906250000001 0.5034722222222222 0.12421875 0.13194444444444445
0 0.692578125 0.42291666666666666 0.12578125 0.12083333333333333
3 0.6312500000000001 0.3215277777777778 0.15156250000000002 0.1736111111111111
3 0.9789062500000001 0.6305555555555555 0.0421875 0.7388888888888889
2 0.09062500000000001 0.5361111111111111 0.18125000000000002 0.25833333333333336
