1 0.49648437500000003 0.2791666666666667 0.16328125000000002 0.28611111111111115
3 0.2671875 0.2986111111111111 0.09062500000000001 0.12222222222222223
2 0.213671875 0.45555555555555555 0.15234375 0.18333333333333335
0 0.349609375 0.4173611111111111 0.07421875 0.07361111111111111
0 0.24960937500000002 0.37569444444444444 0.055468750000000004 0.05416666666666667
0 0.08984375 0.4013888888888889 0.0765625 0.06666666666666667
0 0.087109375 0.35208333333333336 0.07734375 0.0625
0 0.06796875000000001 0.42083333333333334 0.08750000000000001 0.075
0 0.065234375 0.36597222222222225 0.08828125 0.07083333333333333
3 0.13593750000000002 0.6229166666666667 0.27187500000000003 0.7041666666666667
3 0.0140625 0.3402777777777778 0.028125 0.19166666666666668
2 0.31289062500000003 0.34097222222222223 0.07890625000000001 0.08194444444444444
