1 0.117578125 0.5826388888888889 0.23515625 0.5680555555555555
2 0.48085937500000003 0.23055555555555557 0.11171875 0.18888888888888888
0 0.37109375 0.40555555555555556 0.06875 0.09722222222222222
0 0.490234375 0.7312500000000001 0.09140625000000001 0.11527777777777778
0 0.657421875 0.5611111111111111 0.09765625 0.10555555555555556
0 0.671484375 0.5361111111111111 0.10390625 0.11111111111111112
0 0.64375 0.4548611111111111 0.09062500000000001 0.10138888888888889
0 0.6566406250000001 0.42638888888888893 0.09609375 0.10555555555555556
3 0.498046875 0.06041666666666667 0.13359375 0.12083333333333333
3 0.9015625 0.6965277777777779 0.19687500000000002 0.43194444444444446
2 0.388671875 0.9284722222222223 0.16171875000000002 0.14305555555555557
