1 0.5703125 0.7111111111111111 0.353125 0.5194444444444445
3 0.860546875 0.2847222222222222 0.25078125 0.3472222222222222
2 0.24335937500000002 0.20972222222222223 0.09921875000000001 0.2
0 0.3515625 0.3944444444444445 0.046875 0.13055555555555556
0 0.531640625 0.26666666666666666 0.057031250000000006 0.11944444444444445
0 0.443359375 0.07361111111111111 0.04296875 0.10277777777777779
0 0.44648437500000004 0.04513888888888889 0.04453125 0.09027777777777778
0 0.390234375 0.06736111111111111 0.03828125 0.10138888888888889
0 0.39101562500000003 0.04166666666666667 0.039843750000000004 0.08333333333333334
3 0.07187500000000001 0.1388888888888889 0.14375000000000002 0.2777777777777778
3 0.5105468750000001 0.0 0.14453125 0.0
2 0.6687500000000001 0.3902777777777778 0.1453125 0.22777777777777777
