1 0.128515625 0.6034722222222223 0.25234375000000003 0.5513888888888889
2 0.467578125 0.225 0.10703125000000001 0.18611111111111112
0 0.36953125000000003 0.4048611111111111 0.06875 0.10138888888888889
0 0.49843750000000003 0.7027777777777778 0.09062500000000001 0.11944444444444445
0 0.64765625 0.5222222222222223 0.09375 0.10833333333333334
0 0.6609375000000001 0.49722222222222223 0.09843750000000001 0.11388888888888889
0 0.63046875 0.42291666666666666 0.08750000000000001 0.10138888888888889
0 0.6421875 0.39513888888888893 0.0921875 0.10694444444444445
3 0.4734375 0.058333333333333334 0.1234375 0.11666666666666667
3 0.8953125000000001 0.6173611111111111 0.209375 0.4013888888888889
2 0.41640625000000003 0.9145833333333334 0.15625 0.17083333333333334
