1 0.38593750000000004 0.7909722222222223 0.3171875 0.3597222222222222
3 0.884765625 0.7159722222222222 0.23046875 0.42638888888888893
2 0.323046875 0.16805555555555557 0.07109375 0.16666666666666669
0 0.358984375 0.3944444444444445 0.06953125 0.14444444444444446
0 0.56640625 0.41597222222222224 0.07187500000000001 0.14583333333333334
0 0.548828125 0.17430555555555557 0.06171875 0.12083333333333333
0 0.5554687500000001 0.14166666666666666 0.06406250000000001 0.125
0 0.499609375 0.13472222222222222 0.06015625 0.11666666666666667
0 0.505078125 0.10138888888888889 0.06171875 0.11944444444444445
3 0.2 0.06597222222222222 0.1203125 0.13194444444444445
3 0.68671875 0.08125 0.17500000000000002 0.1625
2 0.661328125 0.6395833333333334 0.12890625 0.22083333333333335
