1 0.606640625 0.30833333333333335 0.13046875 0.3861111111111111
3 0.531640625 0.30625 0.10546875 0.12361111111111112
2 0.1796875 0.3965277777777778 0.115625 0.11805555555555557
0 0.345703125 0.41458333333333336 0.07421875 0.07361111111111111
0 0.39492187500000003 0.36944444444444446 0.057031250000000006 0.05277777777777778
0 0.270703125 0.36041666666666666 0.05234375 0.04861111111111111
0 0.26992187500000003 0.32430555555555557 0.05234375 0.04583333333333334
0 0.23164062500000002 0.36736111111111114 0.05390625 0.051388888888888894
0 0.23046875 0.32916666666666666 0.0546875 0.05
3 0.021875000000000002 0.3888888888888889 0.043750000000000004 0.2555555555555556
3 0.24609375 0.3013888888888889 0.084375 0.11666666666666667
2 0.498046875 0.35347222222222224 0.07109375 0.08472222222222223
