1 0.55625 0.19583333333333333 0.2078125 0.39166666666666666
3 0.31953125000000004 0.002777777777777778 0.1171875 0.005555555555555556
2 0.20820312500000002 0.5958333333333333 0.12578125 0.21944444444444444
0 0.34609375000000003 0.4222222222222222 0.06406250000000001 0.09166666666666667
0 0.27578125000000003 0.18680555555555556 0.059375000000000004 0.07916666666666666
0 0.123046875 0.27569444444444446 0.07421875 0.08472222222222223
0 0.11406250000000001 0.2451388888888889 0.0765625 0.08750000000000001
0 0.1046875 0.35625 0.078125 0.08750000000000001
0 0.09453125000000001 0.3277777777777778 0.08281250000000001 0.09166666666666667
3 0.111328125 0.9013888888888889 0.22265625 0.19722222222222224
3 0.035937500000000004 0.13819444444444445 0.07187500000000001 0.2763888888888889
2 0.35625 0.07083333333333333 0.08750000000000001 0.14166666666666666
