1 0.144921875 0.6659722222222223 0.28984375 0.5708333333333333
2 0.44843750000000004 0.19861111111111113 0.10625000000000001 0.19166666666666668
0 0.369140625 0.4013888888888889 0.07578125000000001 0.11666666666666667
0 0.5296875 0.6680555555555556 0.096875 0.1388888888888889
0 0.6531250000000001 0.45069444444444445 0.09531250000000001 0.12083333333333333
0 0.665625 0.42291666666666666 0.1 0.12638888888888888
0 0.626171875 0.35833333333333334 0.08828125 0.11388888888888889
0 0.6371093750000001 0.32708333333333334 0.09296875 0.11805555555555557
3 0.429296875 0.044444444444444446 0.11015625000000001 0.08888888888888889
3 0.9015625 0.48125 0.19687500000000002 0.3791666666666667
2 0.48046875 0.9069444444444444 0.1640625 0.18611111111111112
