1 0.55390625 0.2791666666666667 0.17500000000000002 0.325
3 0.35390625000000003 0.2951388888888889 0.09375 0.12083333333333333
2 0.16796875 0.43680555555555556 0.13125 0.16527777777777777
0 0.34492187500000004 0.41597222222222224 0.07421875 0.07361111111111111
0 0.29335937500000003 0.3680555555555556 0.05859375 0.05277777777777778
0 0.137109375 0.3805555555555556 0.07265625 0.058333333333333334
0 0.135546875 0.3354166666666667 0.07265625 0.05416666666666667
0 0.10390625 0.39583333333333337 0.08125 0.0638888888888889
0 0.101953125 0.3458333333333333 0.08203125 0.061111111111111116
3 0.041406250000000006 0.5506944444444445 0.08281250000000001 0.5875
3 0.055078125000000006 0.31736111111111115 0.11015625000000001 0.15972222222222224
2 0.37617187500000004 0.3388888888888889 0.07578125000000001 0.08055555555555556
