1 0.58828125 0.21875 0.21406250000000002 0.4375
3 0.38046875 0.0 0.1234375 0.0
2 0.1875 0.55625 0.11875000000000001 0.20416666666666666
0 0.34492187500000004 0.41944444444444445 0.07265625 0.10833333333333334
0 0.30117187500000003 0.16527777777777777 0.06328125 0.09166666666666667
0 0.143359375 0.21875 0.07578125000000001 0.09583333333333334
0 0.13515625 0.18680555555555556 0.078125 0.09861111111111112
0 0.11679687500000001 0.29375 0.08046875 0.10138888888888889
0 0.10703125000000001 0.26319444444444445 0.084375 0.10416666666666667
3 0.080078125 0.8659722222222223 0.16015625 0.26805555555555555
3 0.0546875 0.09444444444444444 0.109375 0.18888888888888888
2 0.39687500000000003 0.06736111111111111 0.0859375 0.13472222222222222
