1 0.6058593750000001 0.2986111111111111 0.15078125 0.36944444444444446
3 0.48828125 0.3013888888888889 0.1015625 0.12222222222222223
2 0.166796875 0.4041666666666667 0.12265625000000001 0.125
0 0.3453125 0.4152777777777778 0.078125 0.075
0 0.370703125 0.36736111111111114 0.05859375 0.05416666666666667
0 0.237109375 0.36319444444444443 0.057031250000000006 0.051388888888888894
0 0.236328125 0.325 0.057031250000000006 0.04722222222222222
0 0.19843750000000002 0.3715277777777778 0.060937500000000006 0.05416666666666667
0 0.19765625 0.33125 0.060937500000000006 0.051388888888888894
3 0.01015625 0.41458333333333336 0.0203125 0.3125
3 0.2 0.3027777777777778 0.0921875 0.125
2 0.471484375 0.3472222222222222 0.06796875000000001 0.08055555555555556
