1 0.57734375 0.33125 0.22187500000000002 0.4652777777777778
3 0.6804687500000001 0.32708333333333334 0.12812500000000002 0.15416666666666667
2 0.22773437500000002 0.3763888888888889 0.09140625000000001 0.10277777777777779
0 0.35000000000000003 0.41250000000000003 0.05625 0.07222222222222223
0 0.467578125 0.3791666666666667 0.05390625 0.05555555555555556
0 0.36796875 0.35694444444444445 0.040625 0.04722222222222222
0 0.36796875 0.32222222222222224 0.040625 0.044444444444444446
0 0.32656250000000003 0.35833333333333334 0.0390625 0.04722222222222222
0 0.32656250000000003 0.3236111111111111 0.0390625 0.044444444444444446
3 0.060937500000000006 0.3451388888888889 0.12187500000000001 0.18194444444444446
3 0.38398437500000004 0.30069444444444443 0.08671875000000001 0.1125
2 0.5867187500000001 0.3763888888888889 0.1 0.10277777777777779
