1 0.6238281250000001 0.3055555555555556 0.26171875 0.5916666666666667
3 0.714453125 0.31736111111111115 0.14921875 0.16805555555555557
2 0.209765625 0.37222222222222223 0.10390625 0.11666666666666667
0 0.34882812500000004 0.41250000000000003 0.06484375 0.08333333333333334
0 0.479296875 0.37430555555555556 0.06171875 0.0625
0 0.3671875 0.3506944444444445 0.045312500000000006 0.051388888888888894
0 0.3671875 0.31319444444444444 0.045312500000000006 0.04861111111111111
0 0.32148437500000004 0.35347222222222224 0.04296875 0.051388888888888894
0 0.32109375 0.3145833333333333 0.043750000000000004 0.04861111111111111
3 0.044921875 0.3375 0.08984375 0.20555555555555557
3 0.3828125 0.29097222222222224 0.09375 0.12083333333333333
2 0.61484375 0.3715277777777778 0.11406250000000001 0.11527777777777778
