1 0.40859375000000003 0.27847222222222223 0.1453125 0.24861111111111112
3 0.132421875 0.3111111111111111 0.09296875 0.13333333333333333
2 0.315234375 0.4715277777777778 0.14453125 0.1902777777777778
0 0.35273437500000004 0.41875 0.07734375 0.0763888888888889
0 0.18984375 0.39513888888888893 0.0703125 0.06527777777777778
0 0.048046875 0.4486111111111111 0.09609375 0.09166666666666667
0 0.046875 0.3888888888888889 0.09375 0.08611111111111111
0 0.059375000000000004 0.47222222222222227 0.10625000000000001 0.10555555555555556
0 0.055859375 0.40694444444444444 0.10703125000000001 0.09722222222222222
3 0.56171875 0.5972222222222222 0.3453125 0.625
2 0.21875 0.35208333333333336 0.08281250000000001 0.08750000000000001
