1 0.494921875 0.3375 0.31484375000000003 0.5444444444444445
3 0.872265625 0.3763888888888889 0.22578125000000002 0.24166666666666667
2 0.291796875 0.36180555555555555 0.06328125 0.09305555555555556
0 0.354296875 0.41111111111111115 0.05390625 0.07222222222222223
0 0.5375 0.4 0.043750000000000004 0.06666666666666667
0 0.470703125 0.3625 0.03359375 0.05
0 0.471484375 0.32569444444444445 0.03359375 0.04861111111111111
0 0.4265625 0.3597222222222222 0.035937500000000004 0.05
0 0.4265625 0.3236111111111111 0.035937500000000004 0.04722222222222222
3 0.16640625 0.3201388888888889 0.10312500000000001 0.1486111111111111
3 0.53515625 0.30694444444444446 0.10625000000000001 0.1277777777777778
2 0.6707031250000001 0.41597222222222224 0.13828125 0.1375
