1 0.51875 0.7465277777777778 0.33125000000000004 0.44583333333333336
3 0.8757812500000001 0.4152777777777778 0.2484375 0.37222222222222223
2 0.271484375 0.19236111111111112 0.08359375000000001 0.18472222222222223
0 0.35390625000000003 0.3944444444444445 0.0546875 0.13611111111111113
0 0.54453125 0.31527777777777777 0.05 0.1277777777777778
0 0.47890625000000003 0.10416666666666667 0.043750000000000004 0.10833333333333334
0 0.48359375000000004 0.06944444444444445 0.045312500000000006 0.11111111111111112
0 0.42734375 0.08680555555555555 0.043750000000000004 0.10694444444444445
0 0.4296875 0.05347222222222223 0.045312500000000006 0.10694444444444445
3 0.10234375000000001 0.11041666666666668 0.1640625 0.22083333333333335
3 0.5691406250000001 0.024305555555555556 0.15234375 0.04861111111111111
2 0.6707031250000001 0.4708333333333333 0.14140625 0.22222222222222224
