1 0.3640625 0.33958333333333335 0.3203125 0.5569444444444445
3 0.913671875 0.4388888888888889 0.17265625 0.3472222222222222
2 0.334765625 0.3590277777777778 0.06328125 0.09027777777777778
0 0.359375 0.4118055555555556 0.0671875 0.07361111111111111
0 0.563671875 0.41944444444444445 0.06171875 0.07777777777777778
0 0.53359375 0.37430555555555556 0.0484375 0.05694444444444444
0 0.534765625 0.33472222222222225 0.049218750000000006 0.05277777777777778
0 0.4890625 0.3680555555555556 0.0484375 0.05277777777777778
0 0.48984375 0.32916666666666666 0.0484375 0.05
3 0.246484375 0.31180555555555556 0.07578125000000001 0.13472222222222222
3 0.6371093750000001 0.3180555555555556 0.12578125 0.14444444444444446
2 0.687109375 0.4534722222222222 0.14765625000000002 0.16805555555555557
