1 0.633984375 0.3701388888888889 0.19609375 0.5208333333333334
3 0.5652343750000001 0.015277777777777779 0.15078125 0.030555555555555558
2 0.16562500000000002 0.4118055555555556 0.1296875 0.19305555555555556
0 0.34453125 0.4104166666666667 0.07968750000000001 0.14305555555555557
0 0.39101562500000003 0.15 0.06796875000000001 0.11666666666666667
0 0.23945312500000002 0.10208333333333333 0.06796875000000001 0.1125
0 0.23515625 0.06736111111111111 0.0703125 0.11527777777777778
0 0.19648437500000002 0.15 0.07109375 0.11666666666666667
0 0.19101562500000002 0.11527777777777778 0.07421875 0.11944444444444445
3 0.023828125000000002 0.6118055555555556 0.047656250000000004 0.32916666666666666
3 0.18867187500000002 0.0020833333333333333 0.12890625 0.004166666666666667
2 0.51328125 0.10902777777777778 0.0921875 0.15972222222222224
