1 0.6421875 0.43819444444444444 0.234375 0.5652777777777778
3 0.63203125 0.029166666666666667 0.16562500000000002 0.058333333333333334
2 0.166015625 0.36319444444444443 0.13359375 0.20972222222222223
0 0.3453125 0.40625 0.07968750000000001 0.1513888888888889
0 0.42265625 0.15347222222222223 0.0703125 0.12361111111111112
0 0.275390625 0.07152777777777779 0.06484375 0.11527777777777778
0 0.27265625 0.04722222222222222 0.0671875 0.09444444444444444
0 0.22812500000000002 0.10972222222222222 0.0671875 0.11944444444444445
0 0.2234375 0.07430555555555556 0.0703125 0.12361111111111112
3 0.021484375 0.4951388888888889 0.04296875 0.28750000000000003
3 0.24375000000000002 0.0 0.1203125 0.0
2 0.555078125 0.1388888888888889 0.10703125000000001 0.18055555555555555
