1 0.6265625 0.5854166666666667 0.31562500000000004 0.5791666666666667
3 0.755078125 0.10902777777777778 0.19140625 0.21805555555555556
2 0.197265625 0.275 0.12109375 0.2138888888888889
0 0.34804687500000003 0.3993055555555556 0.06640625 0.1486111111111111
0 0.482421875 0.19652777777777777 0.06640625 0.12638888888888888
0 0.36015625 0.05486111111111111 0.053125000000000006 0.10972222222222222
0 0.36015625 0.0375 0.0546875 0.075
0 0.30781250000000004 0.07083333333333333 0.053125000000000006 0.11388888888888889
0 0.30625 0.04652777777777778 0.0546875 0.09305555555555556
3 0.040625 0.27847222222222223 0.08125 0.30972222222222223
2 0.623046875 0.2465277777777778 0.13046875 0.20972222222222223
