1 0.134765625 0.6520833333333333 0.26953125 0.5958333333333333
2 0.46132812500000003 0.2 0.11171875 0.19722222222222224
0 0.37031250000000004 0.40208333333333335 0.0765625 0.11527777777777778
0 0.525390625 0.6993055555555556 0.10078125 0.1375
0 0.6664062500000001 0.48541666666666666 0.1 0.12083333333333333
0 0.6804687500000001 0.45763888888888893 0.10625000000000001 0.12638888888888888
0 0.641796875 0.38472222222222224 0.09296875 0.11388888888888889
0 0.654296875 0.3541666666666667 0.09765625 0.11944444444444445
3 0.45234375000000004 0.044444444444444446 0.1203125 0.08888888888888889
3 0.911328125 0.5465277777777778 0.17734375000000002 0.40972222222222227
2 0.459765625 0.9243055555555556 0.17109375000000002 0.1513888888888889
