1 0.20820312500000002 0.7291666666666667 0.30234375 0.513888888888889
3 0.8421875000000001 0.9965277777777778 0.31562500000000004 0.006944444444444445
2 0.40625 0.1798611111111111 0.09375 0.18472222222222223
0 0.36640625000000004 0.3979166666666667 0.0765625 0.12916666666666668
0 0.55234375 0.5791666666666667 0.0921875 0.14722222222222223
0 0.622265625 0.3402777777777778 0.08359375000000001 0.125
0 0.6332031250000001 0.3104166666666667 0.08671875000000001 0.12916666666666668
0 0.586328125 0.2659722222222222 0.07890625000000001 0.11805555555555557
0 0.594921875 0.23541666666666666 0.08203125 0.12083333333333333
3 0.34804687500000003 0.03958333333333333 0.08671875000000001 0.07916666666666666
3 0.8347656250000001 0.2826388888888889 0.19921875 0.30972222222222223
2 0.55859375 0.8604166666666667 0.1453125 0.2791666666666667
