1 0.16718750000000002 0.7208333333333333 0.328125 0.5583333333333333
2 0.424609375 0.17500000000000002 0.10390625 0.19722222222222224
0 0.36757812500000003 0.3993055555555556 0.08046875 0.13194444444444445
0 0.556640625 0.6243055555555556 0.10078125 0.15416666666666667
0 0.6492187500000001 0.37777777777777777 0.09375 0.13055555555555556
0 0.66171875 0.3472222222222222 0.09843750000000001 0.13611111111111113
0 0.6136718750000001 0.29305555555555557 0.08671875000000001 0.12222222222222223
0 0.62421875 0.2604166666666667 0.09062500000000001 0.12638888888888888
3 0.378515625 0.03402777777777778 0.09921875000000001 0.06805555555555556
3 0.890234375 0.3472222222222222 0.21953125 0.3527777777777778
2 0.54453125 0.8909722222222223 0.16562500000000002 0.21805555555555556
