1 0.101953125 0.2881944444444445 0.20390625 0.5208333333333334
2 0.551953125 0.3965277777777778 0.11640625 0.19861111111111113
0 0.371875 0.4215277777777778 0.08281250000000001 0.1486111111111111
0 0.30703125000000003 0.8104166666666667 0.1015625 0.19305555555555556
0 0.55 0.9118055555555555 0.1171875 0.1763888888888889
0 0.56171875 0.9041666666666667 0.125 0.19166666666666668
0 0.598828125 0.8145833333333333 0.11484375000000001 0.19305555555555556
0 0.6121093750000001 0.7993055555555556 0.12265625000000001 0.20416666666666666
3 0.7117187500000001 0.1840277777777778 0.2171875 0.28194444444444444
2 0.106640625 0.8638888888888889 0.17734375000000002 0.25277777777777777
