1 0.28554687500000003 0.11041666666666668 0.18828125 0.22083333333333335
3 0.0 0.27569444444444446 0.0 0.34305555555555556
2 0.4578125 0.6923611111111111 0.1171875 0.24027777777777778
0 0.35976562500000003 0.43333333333333335 0.06015625 0.14166666666666666
0 0.14570312500000002 0.4930555555555556 0.08046875 0.14722222222222223
0 0.144921875 0.8520833333333334 0.09609375 0.1875
0 0.13359375 0.8395833333333333 0.10312500000000001 0.19583333333333333
0 0.21640625000000002 0.9048611111111111 0.09062500000000001 0.1902777777777778
0 0.2078125 0.8958333333333334 0.096875 0.20277777777777778
3 0.7449218750000001 0.8375 0.31640625 0.325
3 0.012890625000000001 0.9972222222222222 0.025781250000000002 0.005555555555555556
2 0.08359375000000001 0.3027777777777778 0.09375 0.19166666666666668
