1 0.47734375 0.325 0.38593750000000004 0.65
3 0.9234375 0.3965277777777778 0.153125 0.3180555555555556
2 0.303515625 0.3548611111111111 0.06328125 0.09861111111111112
0 0.35585937500000003 0.41111111111111115 0.06796875000000001 0.08055555555555556
0 0.56953125 0.40555555555555556 0.051562500000000004 0.07777777777777778
0 0.5078125 0.3625 0.0421875 0.05555555555555556
0 0.5085937500000001 0.32083333333333336 0.0421875 0.05277777777777778
0 0.458984375 0.3576388888888889 0.04296875 0.05416666666666667
0 0.459765625 0.3180555555555556 0.04296875 0.05
3 0.1859375 0.30833333333333335 0.09843750000000001 0.1527777777777778
3 0.5906250000000001 0.3027777777777778 0.1234375 0.14166666666666666
2 0.7289062500000001 0.4326388888888889 0.17343750000000002 0.16805555555555557
