1 0.378515625 0.32430555555555557 0.37265625 0.6402777777777778
3 0.935546875 0.4388888888888889 0.12890625 0.3805555555555556
2 0.330078125 0.35555555555555557 0.06640625 0.09444444444444444
0 0.358984375 0.41111111111111115 0.07265625 0.08055555555555556
0 0.578125 0.41805555555555557 0.06406250000000001 0.08333333333333334
0 0.5398437500000001 0.37083333333333335 0.05 0.058333333333333334
0 0.541015625 0.3284722222222222 0.05078125 0.05416666666666667
0 0.491796875 0.36388888888888893 0.049218750000000006 0.05555555555555556
0 0.49296875 0.3236111111111111 0.05 0.05277777777777778
3 0.23515625 0.30694444444444446 0.08125 0.14166666666666666
3 0.64453125 0.31180555555555556 0.1328125 0.1513888888888889
2 0.7230468750000001 0.4548611111111111 0.17109375000000002 0.18194444444444446
