1 0.27968750000000003 0.7666666666666667 0.3171875 0.45555555555555555
3 0.8679687500000001 0.8868055555555556 0.26406250000000003 0.2263888888888889
2 0.36953125000000003 0.17152777777777778 0.084375 0.17916666666666667
0 0.36328125 0.3965277777777778 0.07500000000000001 0.1375
0 0.5632812500000001 0.5048611111111111 0.084375 0.1486111111111111
0 0.5921875 0.2604166666666667 0.0734375 0.12361111111111112
0 0.60078125 0.22916666666666669 0.0765625 0.1277777777777778
0 0.54921875 0.20208333333333334 0.0703125 0.11805555555555557
0 0.55625 0.1701388888888889 0.0734375 0.12083333333333333
3 0.283984375 0.04583333333333334 0.08515625 0.09166666666666667
3 0.76953125 0.15069444444444444 0.1875 0.28750000000000003
2 0.6097656250000001 0.76875 0.12265625000000001 0.2625
