1 0.086328125 0.2916666666666667 0.17265625 0.4444444444444445
3 0.050390625 0.6368055555555556 0.10078125 0.7263888888888889
2 0.5300781250000001 0.3791666666666667 0.11015625000000001 0.11388888888888889
0 0.37148437500000003 0.41597222222222224 0.08203125 0.07916666666666666
0 0.397265625 0.525 0.12734375 0.14166666666666666
0 0.7058593750000001 0.5166666666666667 0.13515625 0.13611111111111113
0 0.7113281250000001 0.43194444444444446 0.13828125 0.125
0 0.703125 0.4777777777777778 0.1171875 0.11388888888888889
0 0.70703125 0.4041666666666667 0.11875000000000001 0.10555555555555556
3 0.5875 0.3159722222222222 0.134375 0.1625
2 0.12460937500000001 0.5576388888888889 0.23828125 0.2763888888888889
