1 0.23984375000000002 0.33819444444444446 0.32656250000000003 0.6152777777777778
3 0.9378906250000001 0.5625 0.12421875 0.5777777777777778
2 0.38359375 0.35833333333333334 0.078125 0.09444444444444444
0 0.36484375 0.4118055555555556 0.0765625 0.0763888888888889
0 0.58046875 0.4444444444444445 0.0890625 0.09166666666666667
0 0.6003906250000001 0.3923611111111111 0.06796875000000001 0.06527777777777778
0 0.6023437500000001 0.3458333333333333 0.06875 0.061111111111111116
0 0.555078125 0.37986111111111115 0.06328125 0.059722222222222225
0 0.556640625 0.3368055555555556 0.06328125 0.05694444444444444
3 0.32109375 0.3055555555555556 0.0625 0.13055555555555556
3 0.7625000000000001 0.33472222222222225 0.1625 0.17777777777777778
2 0.6585937500000001 0.5055555555555555 0.146875 0.23055555555555557
