1 0.57734375 0.2833333333333333 0.17343750000000002 0.3416666666666667
3 0.39882812500000003 0.2951388888888889 0.09609375 0.12083333333333333
2 0.155078125 0.425 0.12734375 0.15
0 0.34453125 0.41597222222222224 0.078125 0.0763888888888889
0 0.319140625 0.3666666666666667 0.05859375 0.05277777777777778
0 0.16875 0.37222222222222223 0.0671875 0.05555555555555556
0 0.16757812500000002 0.33055555555555555 0.06796875000000001 0.05277777777777778
0 0.1328125 0.3854166666666667 0.07500000000000001 0.0625
0 0.13125 0.3388888888888889 0.07500000000000001 0.058333333333333334
3 0.0125 0.49583333333333335 0.025 0.48055555555555557
3 0.094921875 0.3104166666666667 0.12109375 0.14583333333333334
2 0.40937500000000004 0.3402777777777778 0.0734375 0.08055555555555556
