1 0.087109375 0.42430555555555555 0.17421875 0.5347222222222222
2 0.532421875 0.30347222222222225 0.11640625 0.17083333333333334
0 0.373046875 0.4131944444444445 0.08046875 0.12916666666666668
0 0.403125 0.8111111111111111 0.09843750000000001 0.1638888888888889
0 0.633984375 0.76875 0.10390625 0.15972222222222224
0 0.6488281250000001 0.7520833333333333 0.11015625000000001 0.16805555555555557
0 0.65 0.6465277777777778 0.09843750000000001 0.1486111111111111
0 0.6648437500000001 0.6236111111111111 0.1046875 0.15555555555555556
3 0.61875 0.10138888888888889 0.18125000000000002 0.20277777777777778
3 0.8734375000000001 0.9555555555555556 0.253125 0.08888888888888889
2 0.22265625 0.9375 0.146875 0.125
