1 0.35546875 0.10625 0.1796875 0.2125
3 0.030468750000000003 0.12638888888888888 0.060937500000000006 0.25277777777777777
2 0.385546875 0.7118055555555556 0.09609375 0.22916666666666669
0 0.35585937500000003 0.43333333333333335 0.07109375 0.14166666666666666
0 0.162109375 0.3909722222222222 0.08046875 0.1375
0 0.09765625 0.69375 0.1 0.17083333333333334
0 0.08515625 0.675 0.1046875 0.17777777777777778
0 0.144140625 0.7743055555555556 0.09921875000000001 0.17916666666666667
0 0.133203125 0.7590277777777779 0.10546875 0.1875
3 0.6179687500000001 0.9194444444444445 0.26875 0.16111111111111112
3 0.0 0.8319444444444445 0.0 0.33611111111111114
2 0.14375000000000002 0.20277777777777778 0.096875 0.16944444444444445
