1 0.39375000000000004 0.11180555555555556 0.1921875 0.22361111111111112
3 0.0484375 0.08541666666666667 0.096875 0.17083333333333334
2 0.351171875 0.7256944444444444 0.11640625 0.25416666666666665
0 0.35390625000000003 0.4326388888888889 0.0765625 0.14305555555555557
0 0.166796875 0.34375 0.08203125 0.13472222222222222
0 0.0734375 0.6263888888888889 0.1015625 0.1638888888888889
0 0.06015625 0.6041666666666667 0.1078125 0.17222222222222222
0 0.10898437500000001 0.7194444444444444 0.10390625 0.17500000000000002
0 0.09648437500000001 0.701388888888889 0.11015625000000001 0.18333333333333335
3 0.5535156250000001 0.9673611111111111 0.24453125 0.06527777777777778
2 0.168359375 0.15486111111111112 0.10078125 0.1763888888888889
