1 0.3015625 0.27708333333333335 0.1390625 0.24583333333333335
3 0.0 0.3493055555555556 0.0 0.19861111111111113
2 0.475390625 0.45972222222222225 0.13515625 0.17777777777777778
0 0.359375 0.41944444444444445 0.0578125 0.07777777777777778
0 0.140234375 0.4340277777777778 0.08359375000000001 0.08472222222222223
0 0.09609375 0.5326388888888889 0.12812500000000002 0.14027777777777778
0 0.09257812500000001 0.4513888888888889 0.13046875 0.1277777777777778
0 0.18085937500000002 0.55 0.12265625000000001 0.1527777777777778
0 0.17890625000000002 0.46458333333333335 0.125 0.1375
3 0.827734375 0.47708333333333336 0.34453125 0.42083333333333334
2 0.099609375 0.38125000000000003 0.08671875000000001 0.10972222222222222
