1 0.298046875 0.3354166666666667 0.34140625 0.6236111111111111
3 0.938671875 0.4902777777777778 0.12265625000000001 0.45833333333333337
2 0.35703125 0.35694444444444445 0.07187500000000001 0.09444444444444444
0 0.362109375 0.4118055555555556 0.07421875 0.0763888888888889
0 0.58046875 0.4305555555555556 0.0765625 0.08611111111111111
0 0.5691406250000001 0.3805555555555556 0.05859375 0.061111111111111116
0 0.570703125 0.3368055555555556 0.05859375 0.05694444444444444
0 0.52265625 0.3715277777777778 0.05625 0.05694444444444444
0 0.523828125 0.33055555555555555 0.055468750000000004 0.05277777777777778
3 0.28046875 0.30625 0.0671875 0.13472222222222222
3 0.698828125 0.32222222222222224 0.14453125 0.16111111111111112
2 0.6996093750000001 0.4791666666666667 0.15703125 0.20277777777777778
