1 0.554296875 0.3277777777777778 0.32109375 0.5833333333333334
3 0.818359375 0.3493055555555556 0.18515625000000002 0.20972222222222223
2 0.26171875 0.36458333333333337 0.078125 0.10138888888888889
0 0.351171875 0.4118055555555556 0.04609375 0.07361111111111111
0 0.52109375 0.3888888888888889 0.053125000000000006 0.0638888888888889
0 0.435546875 0.35625 0.03515625 0.04861111111111111
0 0.43593750000000003 0.3194444444444445 0.035937500000000004 0.04722222222222222
0 0.390625 0.35555555555555557 0.03125 0.04722222222222222
0 0.390625 0.31875000000000003 0.03125 0.04583333333333334
3 0.1078125 0.32430555555555557 0.12812500000000002 0.16527777777777777
3 0.480078125 0.29930555555555555 0.10078125 0.12361111111111112
2 0.66015625 0.39861111111111114 0.1328125 0.13055555555555556
