1 0.24140625000000002 0.3368055555555556 0.33437500000000003 0.6291666666666667
3 0.943359375 0.5618055555555556 0.11328125 0.5847222222222223
2 0.381640625 0.3576388888888889 0.07890625000000001 0.09583333333333334
0 0.36445312500000004 0.4118055555555556 0.07734375 0.0763888888888889
0 0.58359375 0.44375000000000003 0.0890625 0.09305555555555556
0 0.6003906250000001 0.3909722222222222 0.06796875000000001 0.06527777777777778
0 0.6023437500000001 0.34444444444444444 0.06875 0.061111111111111116
0 0.554296875 0.3784722222222222 0.06328125 0.059722222222222225
0 0.555859375 0.33611111111111114 0.06328125 0.05555555555555556
3 0.31796875 0.30486111111111114 0.06406250000000001 0.13194444444444445
3 0.761328125 0.33263888888888893 0.16328125000000002 0.17916666666666667
2 0.6687500000000001 0.5055555555555555 0.15000000000000002 0.23333333333333334
