1 0.528515625 0.17500000000000002 0.20703125 0.35000000000000003
3 0.260546875 0.009027777777777779 0.11796875000000001 0.018055555555555557
2 0.22890625 0.6354166666666667 0.1328125 0.23750000000000002
0 0.3484375 0.425 0.06875 0.10277777777777779
0 0.25078125 0.2076388888888889 0.060937500000000006 0.09027777777777778
0 0.101953125 0.3340277777777778 0.07265625 0.09861111111111112
0 0.091796875 0.30486111111111114 0.07578125000000001 0.10138888888888889
0 0.091796875 0.4215277777777778 0.07734375 0.10416666666666667
0 0.08125 0.3944444444444445 0.08125 0.10833333333333334
3 0.150390625 0.9375 0.27109375 0.125
3 0.016015625000000002 0.21736111111111112 0.032031250000000004 0.3125
2 0.31679687500000003 0.075 0.08984375 0.15
