1 0.46953125 0.13819444444444445 0.2015625 0.2763888888888889
3 0.143359375 0.03125 0.12734375 0.0625
2 0.28046875 0.7034722222222223 0.13593750000000002 0.2652777777777778
0 0.35078125000000004 0.4305555555555556 0.078125 0.13055555555555556
0 0.2015625 0.2625 0.07500000000000001 0.11666666666666667
0 0.06953125 0.4701388888888889 0.0890625 0.13472222222222222
0 0.057031250000000006 0.44375000000000003 0.09375 0.14027777777777778
0 0.080078125 0.5680555555555555 0.09296875 0.14444444444444446
0 0.0671875 0.5444444444444445 0.09843750000000001 0.15
3 0.33359375 0.9944444444444445 0.2 0.011111111111111112
2 0.2390625 0.09305555555555556 0.09843750000000001 0.17500000000000002
