1 0.19453125000000002 0.16805555555555557 0.21406250000000002 0.33611111111111114
2 0.515625 0.5736111111111112 0.13125 0.23611111111111113
0 0.36640625000000004 0.42986111111111114 0.0546875 0.13194444444444445
0 0.193359375 0.6368055555555556 0.05859375 0.1513888888888889
0 0.307421875 0.925 0.06796875000000001 0.15
0 0.3046875 0.9187500000000001 0.07187500000000001 0.1625
0 0.386328125 0.9159722222222223 0.07109375 0.16805555555555557
0 0.38789062500000004 0.9097222222222222 0.07578125000000001 0.18055555555555555
3 0.755078125 0.5548611111111111 0.23046875 0.33472222222222225
2 0.068359375 0.5118055555555556 0.12734375 0.2263888888888889
