1 0.2234375 0.14791666666666667 0.203125 0.29583333333333334
2 0.498828125 0.6111111111111112 0.12890625 0.2388888888888889
0 0.3640625 0.42986111111111114 0.045312500000000006 0.12361111111111112
0 0.174609375 0.5881944444444445 0.06015625 0.1375
0 0.2515625 0.9145833333333334 0.060937500000000006 0.16805555555555557
0 0.24609375 0.9055555555555556 0.06406250000000001 0.17500000000000002
0 0.330859375 0.9180555555555556 0.057031250000000006 0.1638888888888889
0 0.3296875 0.9118055555555555 0.059375000000000004 0.1763888888888889
3 0.75390625 0.6569444444444444 0.2546875 0.37222222222222223
2 0.07265625 0.4388888888888889 0.1125 0.2138888888888889
