1 0.43476562500000004 0.12152777777777778 0.20234375000000002 0.24305555555555555
3 0.080078125 0.04861111111111111 0.13359375 0.09722222222222222
2 0.3125 0.7312500000000001 0.1328125 0.27361111111111114
0 0.35195312500000003 0.4326388888888889 0.08046875 0.14305555555555557
0 0.17734375000000002 0.29791666666666666 0.08125 0.12916666666666668
0 0.0578125 0.5513888888888889 0.1 0.15555555555555556
0 0.048046875 0.5270833333333333 0.09609375 0.1625
0 0.08046875 0.6527777777777778 0.1046875 0.16666666666666669
0 0.066796875 0.63125 0.11015625000000001 0.1736111111111111
2 0.19882812500000002 0.11319444444444444 0.10390625 0.18194444444444446
