1 0.326953125 0.27847222222222223 0.13515625 0.23472222222222222
3 0.019921875000000002 0.3375 0.039843750000000004 0.17222222222222222
2 0.43789062500000003 0.46319444444444446 0.11171875 0.17083333333333334
0 0.357421875 0.41944444444444445 0.06328125 0.075
0 0.15234375 0.4222222222222222 0.07968750000000001 0.07777777777777778
0 0.07578125000000001 0.50625 0.12187500000000001 0.12361111111111112
0 0.07187500000000001 0.4340277777777778 0.1234375 0.1125
0 0.13828125 0.5277777777777778 0.1234375 0.13611111111111113
0 0.135546875 0.45 0.12578125 0.125
3 0.78828125 0.5076388888888889 0.3765625 0.45972222222222225
2 0.13359375 0.37222222222222223 0.084375 0.09722222222222222
