1 0.272265625 0.275 0.15078125 0.2611111111111111
2 0.5066406250000001 0.45555555555555555 0.15078125 0.18055555555555555
0 0.3609375 0.41944444444444445 0.05 0.07777777777777778
0 0.132421875 0.44583333333333336 0.08515625 0.09166666666666667
0 0.1328125 0.5576388888888889 0.1265625 0.15694444444444444
0 0.12890625 0.4673611111111111 0.1296875 0.14305555555555557
0 0.2390625 0.5694444444444444 0.11093750000000001 0.1638888888888889
0 0.237109375 0.4756944444444445 0.11328125 0.1486111111111111
3 0.847265625 0.44583333333333336 0.30546875 0.37777777777777777
2 0.066796875 0.3923611111111111 0.08828125 0.12361111111111112
