1 0.52265625 0.28055555555555556 0.16718750000000002 0.3
3 0.30976562500000004 0.2972222222222222 0.09140625000000001 0.11944444444444445
2 0.1921875 0.44583333333333336 0.140625 0.17222222222222222
0 0.34804687500000003 0.4166666666666667 0.06953125 0.06944444444444445
0 0.270703125 0.3715277777777778 0.055468750000000004 0.051388888888888894
0 0.11406250000000001 0.3909722222222222 0.0734375 0.059722222222222225
0 0.11210937500000001 0.34375 0.07421875 0.05694444444444444
0 0.087109375 0.40694444444444444 0.08359375000000001 0.06666666666666667
0 0.084375 0.35625 0.084375 0.0625
3 0.08867187500000001 0.5854166666666667 0.17734375000000002 0.6347222222222223
3 0.035546875 0.3277777777777778 0.07109375 0.17222222222222222
2 0.34375 0.3402777777777778 0.0765625 0.08055555555555556
