1 0.6078125000000001 0.2965277777777778 0.153125 0.3736111111111111
3 0.48750000000000004 0.3 0.1015625 0.12222222222222223
2 0.16367187500000002 0.4048611111111111 0.12421875 0.12638888888888888
0 0.34453125 0.41458333333333336 0.078125 0.0763888888888889
0 0.369921875 0.36736111111111114 0.05859375 0.05416666666666667
0 0.23515625 0.36319444444444443 0.0578125 0.051388888888888894
0 0.234375 0.32430555555555557 0.0578125 0.04861111111111111
0 0.19648437500000002 0.37083333333333335 0.06171875 0.05555555555555556
0 0.1953125 0.33055555555555555 0.0625 0.05277777777777778
3 0.0078125 0.41597222222222224 0.015625 0.3180555555555556
3 0.19765625 0.3027777777777778 0.0921875 0.125
2 0.47109375000000003 0.34652777777777777 0.06875 0.08194444444444444
