1 0.11328125 0.24375000000000002 0.2265625 0.48750000000000004
2 0.54921875 0.44236111111111115 0.125 0.2125
0 0.37031250000000004 0.4236111111111111 0.078125 0.14722222222222223
0 0.26953125 0.7756944444444445 0.09375 0.1875
0 0.490234375 0.925 0.11015625000000001 0.15
0 0.49843750000000003 0.9187500000000001 0.1171875 0.1625
0 0.551171875 0.8631944444444445 0.11015625000000001 0.19861111111111113
0 0.56171875 0.85 0.1171875 0.20833333333333334
3 0.735546875 0.2652777777777778 0.22265625 0.25833333333333336
2 0.08359375000000001 0.7708333333333334 0.16718750000000002 0.2555555555555556
