1 0.10429687500000001 0.28402777777777777 0.20859375000000002 0.38472222222222224
2 0.555859375 0.39583333333333337 0.10859375 0.13055555555555556
0 0.37109375 0.4166666666666667 0.084375 0.08333333333333334
0 0.287890625 0.5229166666666667 0.12734375 0.1486111111111111
0 0.620703125 0.5694444444444444 0.16015625 0.18055555555555555
0 0.625 0.4715277777777778 0.1625 0.1625
0 0.666015625 0.5270833333333333 0.14296875 0.1513888888888889
0 0.6707031250000001 0.44027777777777777 0.14453125 0.13611111111111113
3 0.6746093750000001 0.3284722222222222 0.17109375000000002 0.18472222222222223
3 0.915625 0.6354166666666667 0.16875 0.7291666666666667
2 0.068359375 0.513888888888889 0.13671875 0.24444444444444446
