1 0.5691406250000001 0.2881944444444445 0.16640625 0.3263888888888889
3 0.39687500000000003 0.29791666666666666 0.09375 0.11805555555555557
2 0.16328125000000002 0.4236111111111111 0.1203125 0.14444444444444446
0 0.34492187500000004 0.41597222222222224 0.07578125000000001 0.07361111111111111
0 0.319140625 0.36736111111111114 0.057031250000000006 0.051388888888888894
0 0.17265625 0.37430555555555556 0.065625 0.05416666666666667
0 0.17148437500000002 0.33263888888888893 0.06640625 0.051388888888888894
0 0.138671875 0.38680555555555557 0.07265625 0.059722222222222225
0 0.13671875 0.3416666666666667 0.0734375 0.05555555555555556
3 0.022656250000000003 0.48958333333333337 0.045312500000000006 0.4513888888888889
3 0.09921875000000001 0.31319444444444444 0.11875000000000001 0.14305555555555557
2 0.40703125 0.3416666666666667 0.07187500000000001 0.07777777777777778
