1 0.09140625000000001 0.34861111111111115 0.18281250000000002 0.5388888888888889
2 0.55390625 0.34652777777777777 0.1171875 0.17916666666666667
0 0.37343750000000003 0.4173611111111111 0.0859375 0.14583333333333334
0 0.354296875 0.8368055555555556 0.10703125000000001 0.1902777777777778
0 0.6082031250000001 0.875 0.11953125 0.19444444444444445
0 0.623046875 0.8625 0.12734375 0.20555555555555557
0 0.6414062500000001 0.7486111111111111 0.11406250000000001 0.18055555555555555
0 0.657421875 0.7298611111111112 0.12109375 0.1902777777777778
3 0.67890625 0.12847222222222224 0.2078125 0.2569444444444445
2 0.146484375 0.920138888888889 0.17578125 0.15972222222222224
