1 0.595703125 0.3145833333333333 0.14140625 0.41805555555555557
3 0.5808593750000001 0.30972222222222223 0.11171875 0.1277777777777778
2 0.1921875 0.3888888888888889 0.109375 0.11388888888888889
0 0.34687500000000004 0.4138888888888889 0.0703125 0.075
0 0.42031250000000003 0.3715277777777778 0.0578125 0.05416666666666667
0 0.30312500000000003 0.3576388888888889 0.0484375 0.04861111111111111
0 0.30234375 0.32222222222222224 0.0484375 0.044444444444444446
0 0.262890625 0.3625 0.049218750000000006 0.05
0 0.26210937500000003 0.3263888888888889 0.049218750000000006 0.04722222222222222
3 0.032031250000000004 0.3680555555555556 0.06406250000000001 0.21944444444444444
3 0.29140625000000003 0.2986111111111111 0.08281250000000001 0.11111111111111112
2 0.5296875 0.3590277777777778 0.08125 0.09027777777777778
