1 0.29453125 0.33819444444444446 0.33437500000000003 0.6097222222222223
3 0.93515625 0.4930555555555556 0.1296875 0.45555555555555555
2 0.35859375000000004 0.3576388888888889 0.07187500000000001 0.09305555555555556
0 0.362109375 0.4118055555555556 0.07421875 0.0763888888888889
0 0.578125 0.43125 0.0765625 0.08750000000000001
0 0.569921875 0.3819444444444445 0.05859375 0.061111111111111116
0 0.571484375 0.33819444444444446 0.05859375 0.05694444444444444
0 0.523828125 0.37222222222222223 0.055468750000000004 0.05555555555555556
0 0.525 0.33125 0.05625 0.05416666666666667
3 0.284765625 0.30694444444444446 0.06640625 0.13333333333333333
3 0.700390625 0.3236111111111111 0.14453125 0.16111111111111112
2 0.6921875000000001 0.4798611111111111 0.15156250000000002 0.2013888888888889
