1 0.130859375 0.2152777777777778 0.24140625000000002 0.4305555555555556
3 0.0 0.913888888888889 0.0 0.17222222222222222
2 0.5421875 0.4881944444444445 0.1296875 0.22361111111111112
0 0.369140625 0.42638888888888893 0.07109375 0.14444444444444446
0 0.238671875 0.732638888888889 0.08359375000000001 0.17916666666666667
0 0.428515625 0.93125 0.09765625 0.1375
0 0.43281250000000004 0.925 0.10312500000000001 0.15
0 0.49843750000000003 0.8965277777777778 0.1015625 0.19861111111111113
0 0.50625 0.8861111111111112 0.1078125 0.20833333333333334
3 0.7527343750000001 0.35555555555555557 0.22421875000000002 0.26666666666666666
2 0.074609375 0.6791666666666667 0.14921875 0.25
