1 0.630859375 0.2972222222222222 0.16484375 0.48888888888888893
3 0.5984375000000001 0.30208333333333337 0.12187500000000001 0.1375
2 0.174609375 0.3861111111111111 0.12109375 0.125
0 0.345703125 0.4138888888888889 0.07734375 0.08333333333333334
0 0.42617187500000003 0.3680555555555556 0.06171875 0.058333333333333334
0 0.299609375 0.35347222222222224 0.05234375 0.051388888888888894
0 0.29921875000000003 0.31527777777777777 0.051562500000000004 0.04722222222222222
0 0.25625000000000003 0.3590277777777778 0.053125000000000006 0.05416666666666667
0 0.25546875 0.31875000000000003 0.053125000000000006 0.051388888888888894
3 0.016015625000000002 0.36319444444444443 0.032031250000000004 0.24583333333333335
3 0.288671875 0.2923611111111111 0.08828125 0.11805555555555557
2 0.5453125 0.3548611111111111 0.08750000000000001 0.09861111111111112
