1 0.319921875 0.10069444444444445 0.17890625000000002 0.2013888888888889
3 0.01171875 0.18680555555555556 0.0234375 0.3125
2 0.424609375 0.7027777777777778 0.09453125000000001 0.21666666666666667
0 0.35781250000000003 0.43333333333333335 0.065625 0.14166666666666666
0 0.152734375 0.4395833333333333 0.08046875 0.14305555555555557
0 0.11875000000000001 0.7715277777777778 0.09843750000000001 0.17916666666666667
0 0.106640625 0.7548611111111111 0.10546875 0.1875
0 0.17734375000000002 0.8402777777777778 0.096875 0.18611111111111112
0 0.16796875 0.8277777777777778 0.10312500000000001 0.19722222222222224
3 0.6859375000000001 0.8784722222222222 0.296875 0.24305555555555555
3 0.0 0.9090277777777778 0.0 0.18194444444444446
2 0.113671875 0.24930555555555556 0.09453125000000001 0.16805555555555557
