1 0.540625 0.16180555555555556 0.2421875 0.3236111111111111
3 0.223046875 0.0 0.13515625 0.0
2 0.2171875 0.6916666666666667 0.15937500000000002 0.28611111111111115
0 0.34687500000000004 0.42847222222222225 0.08125 0.12638888888888888
0 0.225 0.19375 0.07187500000000001 0.10694444444444445
0 0.057031250000000006 0.3527777777777778 0.0859375 0.11944444444444445
0 0.044140625 0.3201388888888889 0.08828125 0.12361111111111112
0 0.047656250000000004 0.45555555555555555 0.0921875 0.1277777777777778
0 0.040625 0.425 0.08125 0.13333333333333333
2 0.29335937500000003 0.0625 0.10234375000000001 0.125
