1 0.615234375 0.23611111111111113 0.22421875000000002 0.47222222222222227
2 0.16953125000000002 0.5298611111111111 0.1203125 0.19583333333333333
0 0.34375 0.41805555555555557 0.078125 0.12222222222222223
0 0.31875000000000003 0.1486111111111111 0.0671875 0.10277777777777779
0 0.155078125 0.1798611111111111 0.07734375 0.10416666666666667
0 0.147265625 0.14583333333333334 0.08046875 0.10833333333333334
0 0.12265625000000001 0.2520833333333333 0.08281250000000001 0.10972222222222222
0 0.113671875 0.21805555555555556 0.08671875000000001 0.11388888888888889
3 0.0578125 0.84375 0.115625 0.3125
3 0.06601562500000001 0.06527777777777778 0.13203125000000002 0.13055555555555556
2 0.42500000000000004 0.06319444444444444 0.08750000000000001 0.12638888888888888
