1 0.0921875 0.35833333333333334 0.184375 0.5222222222222223
2 0.546875 0.34305555555555556 0.11406250000000001 0.17222222222222222
0 0.373046875 0.4173611111111111 0.08359375000000001 0.14027777777777778
0 0.358984375 0.8243055555555556 0.10390625 0.18194444444444446
0 0.6039062500000001 0.8527777777777779 0.11406250000000001 0.18611111111111112
0 0.6179687500000001 0.8395833333333333 0.12187500000000001 0.19583333333333333
0 0.6351562500000001 0.7298611111111112 0.109375 0.17083333333333334
0 0.65 0.7111111111111111 0.115625 0.18055555555555555
3 0.6664062500000001 0.12708333333333333 0.2 0.25416666666666665
2 0.15976562500000002 0.9180555555555556 0.16640625 0.1638888888888889
