1 0.168359375 0.71875 0.32265625000000003 0.5625
2 0.4265625 0.17569444444444446 0.10312500000000001 0.19583333333333333
0 0.36835937500000004 0.3979166666666667 0.08046875 0.13194444444444445
0 0.5546875 0.625 0.1 0.1527777777777778
0 0.6488281250000001 0.38125000000000003 0.09296875 0.12916666666666668
0 0.661328125 0.3506944444444445 0.09765625 0.13472222222222222
0 0.614453125 0.29583333333333334 0.08671875000000001 0.12222222222222223
0 0.624609375 0.26319444444444445 0.09140625000000001 0.12638888888888888
3 0.382421875 0.03402777777777778 0.09921875000000001 0.06805555555555556
3 0.890625 0.3541666666666667 0.21875 0.3527777777777778
2 0.5398437500000001 0.8902777777777778 0.1640625 0.21944444444444444
