1 0.622265625 0.29097222222222224 0.20078125000000002 0.46805555555555556
3 0.483203125 0.0020833333333333333 0.13515625 0.004166666666666667
2 0.168359375 0.4756944444444445 0.12109375 0.16805555555555557
0 0.34375 0.41458333333333336 0.078125 0.12916666666666668
0 0.350390625 0.15069444444444444 0.06640625 0.10694444444444445
0 0.19453125000000002 0.14652777777777778 0.07187500000000001 0.10694444444444445
0 0.18828125 0.1125 0.07500000000000001 0.11111111111111112
0 0.15781250000000002 0.20625000000000002 0.0765625 0.1125
0 0.150390625 0.17291666666666666 0.07890625000000001 0.11527777777777778
3 0.0421875 0.7673611111111112 0.084375 0.3875
3 0.11289062500000001 0.03680555555555556 0.15078125 0.07361111111111111
2 0.46328125000000003 0.07916666666666666 0.08281250000000001 0.13611111111111113
