1 0.141015625 0.6819444444444445 0.28203125 0.6111111111111112
2 0.4546875 0.1875 0.1125 0.20277777777777778
0 0.37031250000000004 0.40069444444444446 0.07968750000000001 0.12361111111111112
0 0.5398437500000001 0.6888888888888889 0.1046875 0.14722222222222223
0 0.671484375 0.45833333333333337 0.10234375000000001 0.1277777777777778
0 0.6859375000000001 0.4291666666666667 0.1078125 0.13333333333333333
0 0.642578125 0.35833333333333334 0.09453125000000001 0.11944444444444445
0 0.6550781250000001 0.3263888888888889 0.09921875000000001 0.125
3 0.43593750000000003 0.03680555555555556 0.1171875 0.07361111111111111
3 0.915625 0.4951388888888889 0.16875 0.40694444444444444
2 0.48671875000000003 0.9243055555555556 0.178125 0.1513888888888889
