1 0.6156250000000001 0.30486111111111114 0.15781250000000002 0.4708333333333333
3 0.60078125 0.3055555555555556 0.1203125 0.13611111111111113
2 0.18320312500000002 0.3861111111111111 0.11640625 0.11944444444444445
0 0.346484375 0.4138888888888889 0.07421875 0.08055555555555556
0 0.428515625 0.3701388888888889 0.06015625 0.05694444444444444
0 0.30625 0.3541666666666667 0.05 0.05
0 0.30585937500000004 0.31736111111111115 0.05078125 0.04861111111111111
0 0.263671875 0.3597222222222222 0.05078125 0.05277777777777778
0 0.26328125 0.32083333333333336 0.051562500000000004 0.05
3 0.023828125000000002 0.3625 0.047656250000000004 0.23333333333333334
3 0.29726562500000003 0.29444444444444445 0.08671875000000001 0.11666666666666667
2 0.5453125 0.3576388888888889 0.08750000000000001 0.09583333333333334
