1 0.599609375 0.21041666666666667 0.23984375000000002 0.42083333333333334
2 0.17695312500000002 0.5875 0.13515625 0.23333333333333334
0 0.343359375 0.4215277777777778 0.07578125000000001 0.1125
0 0.2859375 0.1527777777777778 0.0671875 0.09444444444444444
0 0.11640625 0.22430555555555556 0.08281250000000001 0.09861111111111112
0 0.106640625 0.18958333333333335 0.08671875000000001 0.10416666666666667
0 0.08984375 0.3076388888888889 0.0890625 0.10416666666666667
0 0.078515625 0.2743055555555556 0.09296875 0.10972222222222222
3 0.08046875 0.9041666666666667 0.1609375 0.19166666666666668
3 0.037890625000000004 0.10208333333333333 0.07578125000000001 0.20416666666666666
2 0.38359375 0.05763888888888889 0.09375 0.11527777777777778
