1 0.5789062500000001 0.28611111111111115 0.1703125 0.3388888888888889
3 0.40703125 0.2965277777777778 0.09531250000000001 0.12083333333333333
2 0.15742187500000002 0.4222222222222222 0.12578125 0.14444444444444446
0 0.34453125 0.4152777777777778 0.078125 0.075
0 0.32421875 0.3666666666666667 0.0578125 0.05277777777777778
0 0.17695312500000002 0.37222222222222223 0.06640625 0.05555555555555556
0 0.17539062500000002 0.33055555555555555 0.06640625 0.05277777777777778
0 0.141015625 0.3840277777777778 0.07265625 0.059722222222222225
0 0.139453125 0.33958333333333335 0.07265625 0.05694444444444444
3 0.0125 0.4840277777777778 0.025 0.4513888888888889
3 0.10703125000000001 0.30972222222222223 0.1171875 0.14166666666666666
2 0.41523437500000004 0.34097222222222223 0.07265625 0.07916666666666666
