1 0.34921875 0.2715277777777778 0.140625 0.24861111111111112
3 0.03515625 0.3229166666666667 0.0703125 0.16527777777777777
2 0.40156250000000004 0.47361111111111115 0.115625 0.19444444444444445
0 0.35585937500000003 0.4201388888888889 0.07421875 0.08194444444444444
0 0.148046875 0.41250000000000003 0.08359375000000001 0.07777777777777778
0 0.046484375 0.4951388888888889 0.09296875 0.12638888888888888
0 0.044921875 0.42083333333333334 0.08984375 0.11388888888888889
0 0.075390625 0.5222222222222223 0.13828125 0.14166666666666666
0 0.071484375 0.44097222222222227 0.14140625 0.12916666666666668
3 0.78515625 0.5722222222222223 0.4296875 0.6138888888888889
2 0.148046875 0.3625 0.08984375 0.09722222222222222
