1 0.09062500000000001 0.30972222222222223 0.18125000000000002 0.55
3 0.5886718750000001 0.6402777777777778 0.8226562500000001 0.7194444444444444
2 0.47968750000000004 0.3666666666666667 0.10312500000000001 0.10555555555555556
0 0.37148437500000003 0.4131944444444445 0.07109375 0.07083333333333333
0 0.51796875 0.5013888888888889 0.11875000000000001 0.11111111111111112
0 0.706640625 0.4548611111111111 0.11796875000000001 0.09027777777777778
0 0.71015625 0.38819444444444445 0.1203125 0.08472222222222223
0 0.6726562500000001 0.4277777777777778 0.1015625 0.07777777777777778
0 0.675390625 0.36875 0.10234375000000001 0.07361111111111111
3 0.48359375000000004 0.30694444444444446 0.1015625 0.14444444444444446
3 0.9710937500000001 0.44097222222222227 0.0578125 0.3875
2 0.37929687500000003 0.5875 0.24140625000000002 0.3277777777777778
