1 0.164453125 0.28750000000000003 0.18359375 0.3138888888888889
2 0.546875 0.4152777777777778 0.12187500000000001 0.14166666666666666
0 0.36875 0.41805555555555557 0.07187500000000001 0.07777777777777778
0 0.215625 0.4965277777777778 0.09062500000000001 0.12361111111111112
0 0.460546875 0.5791666666666667 0.13984375000000002 0.17777777777777778
0 0.46210937500000004 0.48541666666666666 0.14296875 0.15972222222222224
0 0.5484375 0.5513888888888889 0.1390625 0.15833333333333333
0 0.5515625000000001 0.46458333333333335 0.140625 0.14305555555555557
3 0.7332031250000001 0.35208333333333336 0.19609375 0.20416666666666666
3 0.6671875 0.6597222222222222 0.665625 0.6805555555555556
2 0.054296875 0.4618055555555556 0.10859375 0.18472222222222223
