1 0.09257812500000001 0.4979166666666667 0.18515625000000002 0.576388888888889
2 0.515625 0.2625 0.1203125 0.18611111111111112
0 0.37226562500000004 0.40902777777777777 0.07578125000000001 0.11527777777777778
0 0.447265625 0.795138888888889 0.09296875 0.14305555555555557
0 0.6625000000000001 0.6840277777777778 0.1015625 0.13472222222222222
0 0.6785156250000001 0.6631944444444444 0.10859375 0.14305555555555557
0 0.66328125 0.5618055555555556 0.09531250000000001 0.12638888888888888
0 0.6785156250000001 0.5361111111111111 0.10234375000000001 0.13333333333333333
3 0.5710937500000001 0.07708333333333334 0.1640625 0.15416666666666667
3 0.900390625 0.857638888888889 0.19921875 0.2847222222222222
2 0.294140625 0.9486111111111112 0.15703125 0.10277777777777779
