1 0.119140625 0.2902777777777778 0.19765625 0.35833333333333334
2 0.5457031250000001 0.3979166666666667 0.10390625 0.12638888888888888
0 0.37031250000000004 0.4173611111111111 0.07968750000000001 0.07916666666666666
0 0.28359375000000003 0.513888888888889 0.1171875 0.13611111111111113
0 0.587890625 0.5597222222222222 0.14765625000000002 0.16666666666666669
0 0.59140625 0.46805555555555556 0.15000000000000002 0.15
0 0.6371093750000001 0.5222222222222223 0.13359375 0.14166666666666666
0 0.640625 0.44027777777777777 0.13593750000000002 0.1277777777777778
3 0.6687500000000001 0.33263888888888893 0.16562500000000002 0.17916666666666667
3 0.866796875 0.6465277777777778 0.26640625 0.7069444444444445
2 0.07265625 0.5013888888888889 0.1453125 0.21944444444444444
