1 0.496875 0.27847222222222223 0.1640625 0.28750000000000003
3 0.267578125 0.2986111111111111 0.09140625000000001 0.12222222222222223
2 0.21328125 0.45555555555555555 0.153125 0.18333333333333335
0 0.349609375 0.4173611111111111 0.07421875 0.07361111111111111
0 0.24960937500000002 0.37569444444444444 0.055468750000000004 0.05416666666666667
0 0.0890625 0.4013888888888889 0.0765625 0.06666666666666667
0 0.087109375 0.35208333333333336 0.07734375 0.0625
0 0.0671875 0.42083333333333334 0.08750000000000001 0.075
0 0.064453125 0.36597222222222225 0.08828125 0.07083333333333333
3 0.135546875 0.6256944444444444 0.27109375 0.7097222222222223
3 0.013671875 0.3388888888888889 0.02734375 0.19166666666666668
2 0.31289062500000003 0.34097222222222223 0.07890625000000001 0.08194444444444444
