1 0.328125 0.09236111111111112 0.19687500000000002 0.18472222222222223
3 0.003125 0.1513888888888889 0.00625 0.3027777777777778
2 0.41914062500000004 0.7458333333333333 0.10234375000000001 0.24444444444444446
0 0.35703125 0.43680555555555556 0.07500000000000001 0.15694444444444444
0 0.134375 0.4256944444444445 0.09062500000000001 0.15694444444444444
0 0.079296875 0.788888888888889 0.11484375000000001 0.2
0 0.063671875 0.7729166666666667 0.12265625000000001 0.20972222222222223
0 0.140234375 0.8743055555555556 0.11328125 0.20972222222222223
0 0.12734375 0.8618055555555556 0.12187500000000001 0.22083333333333335
3 0.71796875 0.9236111111111112 0.353125 0.1527777777777778
2 0.10078125 0.21666666666666667 0.1078125 0.18055555555555555
