1 0.357421875 0.2798611111111111 0.13515625 0.23472222222222222
3 0.050390625 0.325 0.09453125000000001 0.1527777777777778
2 0.384765625 0.4673611111111111 0.10546875 0.1763888888888889
0 0.35546875 0.41875 0.0703125 0.0763888888888889
0 0.16640625 0.40972222222222227 0.0765625 0.07222222222222223
0 0.057421875000000004 0.48125 0.11328125 0.10972222222222222
0 0.055859375 0.4152777777777778 0.11171875 0.1
0 0.09765625 0.5048611111111111 0.1203125 0.12361111111111112
0 0.09453125000000001 0.4326388888888889 0.12187500000000001 0.1125
3 0.7253906250000001 0.5458333333333334 0.39765625000000004 0.5222222222222223
2 0.168359375 0.36319444444444443 0.08359375000000001 0.09027777777777778
