1 0.56953125 0.18541666666666667 0.2390625 0.37083333333333335
2 0.19648437500000002 0.6375000000000001 0.14765625000000002 0.25833333333333336
0 0.345703125 0.425 0.07265625 0.10555555555555556
0 0.255859375 0.17222222222222222 0.06484375 0.09166666666666667
0 0.087890625 0.2847222222222222 0.08359375000000001 0.09722222222222222
0 0.0765625 0.2520833333333333 0.08750000000000001 0.10138888888888889
0 0.06992187500000001 0.37777777777777777 0.08984375 0.10277777777777779
0 0.056640625 0.3451388888888889 0.09453125000000001 0.10694444444444445
3 0.114453125 0.9541666666666667 0.22890625 0.09166666666666667
3 0.013671875 0.15069444444444444 0.02734375 0.3013888888888889
2 0.33906250000000004 0.059722222222222225 0.096875 0.11944444444444445
