1 0.474609375 0.7604166666666667 0.31328125 0.3875
3 0.876953125 0.5118055555555556 0.24609375 0.38472222222222224
2 0.291796875 0.18611111111111112 0.07265625 0.17222222222222222
0 0.35546875 0.39513888888888893 0.059375000000000004 0.1375
0 0.550390625 0.3506944444444445 0.057031250000000006 0.13194444444444445
0 0.501953125 0.13055555555555556 0.049218750000000006 0.11111111111111112
0 0.50703125 0.09722222222222222 0.051562500000000004 0.11388888888888889
0 0.45234375000000004 0.10625 0.0484375 0.10972222222222222
0 0.45546875000000003 0.07291666666666667 0.05 0.1125
3 0.140625 0.09444444444444444 0.1453125 0.18888888888888888
3 0.607421875 0.044444444444444446 0.15703125 0.08888888888888889
2 0.6644531250000001 0.5277777777777778 0.13515625 0.2138888888888889
