1 0.298046875 0.275 0.14140625 0.25
3 0.0 0.3493055555555556 0.0 0.20416666666666666
2 0.48046875 0.46111111111111114 0.1390625 0.18055555555555555
0 0.359375 0.41944444444444445 0.0578125 0.07777777777777778
0 0.136328125 0.43472222222222223 0.08515625 0.08611111111111111
0 0.094140625 0.5368055555555555 0.13203125000000002 0.14583333333333334
0 0.09062500000000001 0.4534722222222222 0.134375 0.13194444444444445
0 0.18281250000000002 0.5548611111111111 0.125 0.15694444444444444
0 0.180078125 0.4666666666666667 0.12734375 0.14166666666666666
3 0.8328125000000001 0.4763888888888889 0.33437500000000003 0.425
2 0.09335937500000001 0.3819444444444445 0.08828125 0.11111111111111112
