1 0.5703125 0.6909722222222222 0.3359375 0.5097222222222222
3 0.835546875 0.2611111111111111 0.23359375000000002 0.33055555555555555
2 0.241015625 0.2215277777777778 0.09921875000000001 0.19861111111111113
0 0.35234375 0.3965277777777778 0.046875 0.12916666666666668
0 0.523046875 0.26180555555555557 0.057031250000000006 0.11805555555555557
0 0.432421875 0.07708333333333334 0.04296875 0.10138888888888889
0 0.43515625 0.04722222222222222 0.045312500000000006 0.09444444444444444
0 0.38046875 0.07430555555555556 0.0390625 0.10138888888888889
0 0.38125000000000003 0.04583333333333334 0.040625 0.09166666666666667
3 0.0703125 0.1486111111111111 0.140625 0.2972222222222222
3 0.49257812500000003 0.0 0.13828125 0.0
2 0.6566406250000001 0.37430555555555556 0.13984375000000002 0.22083333333333335
