1 0.246875 0.275 0.1609375 0.275
2 0.529296875 0.4486111111111111 0.15703125 0.18055555555555555
0 0.365234375 0.41875 0.049218750000000006 0.07916666666666666
0 0.13125 0.45833333333333337 0.084375 0.1
0 0.18125000000000002 0.5777777777777778 0.11406250000000001 0.17222222222222222
0 0.178125 0.48055555555555557 0.1171875 0.15555555555555556
0 0.30390625000000004 0.58125 0.0921875 0.1736111111111111
0 0.302734375 0.48333333333333334 0.09453125000000001 0.15833333333333333
3 0.85703125 0.42083333333333334 0.2859375 0.3388888888888889
3 0.0 0.6430555555555556 0.0 0.7138888888888889
2 0.046484375 0.40347222222222223 0.09296875 0.1375
