1 0.27578125000000003 0.27222222222222225 0.15156250000000002 0.2638888888888889
2 0.50625 0.45763888888888893 0.153125 0.1875
0 0.36054687500000004 0.41875 0.05234375 0.07916666666666666
0 0.126953125 0.44375000000000003 0.08828125 0.09305555555555556
0 0.11484375000000001 0.5583333333333333 0.13593750000000002 0.16111111111111112
0 0.11093750000000001 0.4666666666666667 0.1375 0.14722222222222223
0 0.221484375 0.5729166666666667 0.11953125 0.17083333333333334
0 0.219140625 0.47708333333333336 0.12265625000000001 0.15416666666666667
3 0.8500000000000001 0.45416666666666666 0.30000000000000004 0.4
2 0.06601562500000001 0.38958333333333334 0.09140625000000001 0.12361111111111112
