1 0.37148437500000003 0.1 0.20390625 0.2
3 0.023828125000000002 0.10138888888888889 0.047656250000000004 0.20277777777777778
2 0.373828125 0.7583333333333334 0.11796875000000001 0.26944444444444443
0 0.35468750000000004 0.4361111111111111 0.08125 0.15833333333333333
0 0.14375000000000002 0.36944444444444446 0.09062500000000001 0.15
0 0.05625 0.7000000000000001 0.1125 0.18888888888888888
0 0.05 0.6791666666666667 0.1 0.19722222222222224
0 0.10078125 0.7979166666666667 0.1171875 0.2013888888888889
0 0.0859375 0.7819444444444444 0.125 0.2111111111111111
3 0.637890625 0.9777777777777779 0.32109375 0.044444444444444446
2 0.13398437500000002 0.16319444444444445 0.11015625000000001 0.1875
