1 0.17578125 0.15972222222222224 0.24531250000000002 0.3194444444444445
2 0.5375 0.6034722222222223 0.153125 0.27083333333333337
0 0.3671875 0.43194444444444446 0.060937500000000006 0.14722222222222223
0 0.16562500000000002 0.6625 0.065625 0.17222222222222222
0 0.290625 0.9618055555555556 0.078125 0.0763888888888889
0 0.286328125 0.9569444444444445 0.08359375000000001 0.08611111111111111
0 0.38320312500000003 0.9527777777777778 0.08203125 0.09444444444444444
0 0.38515625000000003 0.9472222222222223 0.08750000000000001 0.10555555555555556
3 0.8207031250000001 0.5902777777777778 0.28359375000000003 0.39166666666666666
2 0.05 0.5145833333333334 0.1 0.2569444444444445
