1 0.25234375000000003 0.12013888888888889 0.20468750000000002 0.24027777777777778
2 0.48554687500000004 0.68125 0.13359375 0.25972222222222224
0 0.361328125 0.43472222222222223 0.055468750000000004 0.14166666666666666
0 0.14140625 0.5402777777777777 0.07968750000000001 0.1527777777777778
0 0.17148437500000002 0.9131944444444445 0.09140625000000001 0.1736111111111111
0 0.16015625 0.9055555555555556 0.09843750000000001 0.18888888888888888
0 0.25234375000000003 0.93125 0.08281250000000001 0.1375
0 0.24609375 0.925 0.0890625 0.15
3 0.78828125 0.8034722222222223 0.32656250000000003 0.39305555555555555
2 0.06171875 0.35208333333333336 0.1015625 0.2125
