1 0.636328125 0.28402777777777777 0.17421875 0.42083333333333334
3 0.5046875000000001 0.2951388888888889 0.109375 0.12916666666666668
2 0.148046875 0.40208333333333335 0.13671875 0.1375
0 0.34414062500000003 0.4152777777777778 0.08515625 0.08333333333333334
0 0.3765625 0.36458333333333337 0.0625 0.05694444444444444
0 0.234765625 0.3590277777777778 0.06015625 0.05416666666666667
0 0.234375 0.3180555555555556 0.060937500000000006 0.05
0 0.19296875000000002 0.3666666666666667 0.06406250000000001 0.058333333333333334
0 0.191796875 0.32430555555555557 0.06484375 0.05416666666666667
3 0.0 0.41111111111111115 0.0 0.34444444444444444
3 0.199609375 0.2951388888888889 0.09609375 0.12916666666666668
2 0.48554687500000004 0.34375 0.07421875 0.08750000000000001
