1 0.09921875000000001 0.2868055555555556 0.19843750000000002 0.5430555555555556
2 0.56015625 0.3923611111111111 0.1203125 0.20416666666666666
0 0.37343750000000003 0.4215277777777778 0.0859375 0.15416666666666667
0 0.308203125 0.8319444444444445 0.10703125000000001 0.20277777777777778
0 0.564453125 0.9208333333333334 0.12421875 0.15833333333333333
0 0.57734375 0.9131944444444445 0.1328125 0.1736111111111111
0 0.6136718750000001 0.8298611111111112 0.12109375 0.2013888888888889
0 0.628515625 0.8159722222222222 0.12890625 0.2125
3 0.723828125 0.17083333333333334 0.22734375 0.29444444444444445
2 0.09648437500000001 0.8798611111111111 0.18828125 0.24027777777777778
