1 0.338671875 0.7763888888888889 0.30234375 0.3888888888888889
3 0.875 0.8013888888888889 0.25 0.39722222222222225
2 0.341796875 0.17222222222222222 0.07578125000000001 0.16944444444444445
0 0.36054687500000004 0.39583333333333337 0.07109375 0.1388888888888889
0 0.562109375 0.45069444444444445 0.07578125000000001 0.14583333333333334
0 0.5632812500000001 0.21041666666666667 0.065625 0.12083333333333333
0 0.570703125 0.17916666666666667 0.06796875000000001 0.125
0 0.517578125 0.16458333333333333 0.06328125 0.11527777777777778
0 0.523046875 0.13194444444444445 0.06484375 0.11944444444444445
3 0.23593750000000002 0.05902777777777778 0.1046875 0.11805555555555557
3 0.714453125 0.1076388888888889 0.17578125 0.2152777777777778
2 0.637890625 0.6868055555555556 0.11171875 0.23194444444444445
