1 0.415625 0.275 0.15000000000000002 0.25833333333333336
3 0.1375 0.3076388888888889 0.09531250000000001 0.13472222222222222
2 0.3046875 0.47361111111111115 0.153125 0.2
0 0.35234375 0.41875 0.07968750000000001 0.07916666666666666
0 0.18906250000000002 0.3923611111111111 0.07187500000000001 0.06527777777777778
0 0.043359375000000006 0.4451388888888889 0.08671875000000001 0.09305555555555556
0 0.0421875 0.38472222222222224 0.084375 0.08611111111111111
0 0.05 0.4708333333333333 0.1 0.10833333333333334
0 0.0484375 0.40347222222222223 0.096875 0.09861111111111112
3 0.55234375 0.6208333333333333 0.3609375 0.6861111111111111
2 0.22226562500000002 0.35000000000000003 0.08515625 0.08888888888888889
