1 0.5925781250000001 0.6284722222222222 0.31328125 0.5319444444444444
3 0.779296875 0.16319444444444445 0.19765625 0.29305555555555557
2 0.22031250000000002 0.2513888888888889 0.1078125 0.20277777777777778
0 0.349609375 0.39722222222222225 0.055468750000000004 0.13611111111111113
0 0.49843750000000003 0.22847222222222224 0.060937500000000006 0.12083333333333333
0 0.39296875000000003 0.06944444444444445 0.046875 0.10555555555555556
0 0.394140625 0.044444444444444446 0.049218750000000006 0.08888888888888889
0 0.34140625 0.0763888888888889 0.045312500000000006 0.10555555555555556
0 0.34101562500000004 0.04791666666666667 0.04609375 0.09583333333333334
3 0.057031250000000006 0.21597222222222223 0.11406250000000001 0.3013888888888889
3 0.43085937500000004 0.0 0.12578125 0.0
2 0.632421875 0.30486111111111114 0.13046875 0.20972222222222223
