1 0.244921875 0.2826388888888889 0.15546875000000002 0.2625
2 0.519921875 0.4430555555555556 0.14296875 0.1638888888888889
0 0.36484375 0.41875 0.0484375 0.07361111111111111
0 0.15078125 0.45833333333333337 0.0734375 0.09444444444444444
0 0.21875 0.5631944444444444 0.0921875 0.15416666666666667
0 0.216796875 0.4756944444444445 0.09296875 0.14027777777777778
0 0.33437500000000003 0.5631944444444444 0.08125 0.15416666666666667
0 0.33359375 0.4756944444444445 0.08281250000000001 0.14027777777777778
3 0.8132812500000001 0.41111111111111115 0.2546875 0.2972222222222222
3 0.058203125 0.6548611111111111 0.11640625 0.6902777777777778
2 0.06171875 0.4083333333333333 0.0921875 0.13333333333333333
