1 0.082421875 0.30833333333333335 0.16484375 0.5194444444444445
3 0.444140625 0.6430555555555556 0.88828125 0.7138888888888889
2 0.48945312500000004 0.36944444444444446 0.10390625 0.10555555555555556
0 0.369921875 0.4138888888888889 0.07109375 0.07222222222222223
0 0.49609375 0.5069444444444444 0.11406250000000001 0.11666666666666667
0 0.7078125000000001 0.46597222222222223 0.12187500000000001 0.09583333333333334
0 0.7117187500000001 0.3965277777777778 0.1234375 0.09027777777777778
0 0.6785156250000001 0.43680555555555556 0.10390625 0.08194444444444444
0 0.681640625 0.37569444444444444 0.10546875 0.07916666666666666
3 0.503125 0.3090277777777778 0.10625000000000001 0.14583333333333334
3 0.9847656250000001 0.46597222222222223 0.030468750000000003 0.43194444444444446
2 0.32890625 0.5819444444444445 0.2265625 0.31666666666666665
