1 0.413671875 0.11319444444444444 0.20390625 0.2263888888888889
3 0.05625 0.06458333333333334 0.1125 0.12916666666666668
2 0.33242187500000003 0.7444444444444445 0.13046875 0.275
0 0.35273437500000004 0.4340277777777778 0.08203125 0.1486111111111111
0 0.16484375 0.32083333333333336 0.084375 0.13611111111111113
0 0.05390625 0.6013888888888889 0.10625000000000001 0.16666666666666669
0 0.047656250000000004 0.5777777777777778 0.09531250000000001 0.17500000000000002
0 0.084375 0.7027777777777778 0.109375 0.17777777777777778
0 0.06992187500000001 0.6826388888888889 0.11640625 0.1875
2 0.176171875 0.12708333333333333 0.10546875 0.18472222222222223
