1 0.32343750000000004 0.275 0.1390625 0.24166666666666667
3 0.012890625000000001 0.33611111111111114 0.025781250000000002 0.18055555555555555
2 0.44648437500000004 0.4652777777777778 0.12109375 0.18055555555555555
0 0.35781250000000003 0.4201388888888889 0.065625 0.07916666666666666
0 0.143359375 0.4236111111111111 0.08359375000000001 0.08055555555555556
0 0.063671875 0.5145833333333334 0.12734375 0.13194444444444445
0 0.062109375 0.43680555555555556 0.12421875 0.12083333333333333
0 0.129296875 0.5375 0.13203125000000002 0.14722222222222223
0 0.12617187500000002 0.45416666666666666 0.13515625 0.13333333333333333
3 0.810546875 0.5152777777777778 0.37890625 0.4916666666666667
2 0.123046875 0.3715277777777778 0.08828125 0.10138888888888889
