1 0.6203125 0.3548611111111111 0.1796875 0.48750000000000004
3 0.540625 0.017361111111111112 0.1421875 0.034722222222222224
2 0.17265625 0.4256944444444445 0.12187500000000001 0.18194444444444446
0 0.34453125 0.41111111111111115 0.0765625 0.13611111111111113
0 0.38125000000000003 0.15694444444444444 0.065625 0.11111111111111112
0 0.2328125 0.11944444444444445 0.0671875 0.10833333333333334
0 0.228515625 0.08611111111111111 0.06953125 0.11111111111111112
0 0.19296875000000002 0.16875 0.0703125 0.1125
0 0.18710937500000002 0.13680555555555557 0.07265625 0.11527777777777778
3 0.032031250000000004 0.6354166666666667 0.06406250000000001 0.3263888888888889
3 0.17695312500000002 0.014583333333333334 0.12890625 0.029166666666666667
2 0.496875 0.11111111111111112 0.0859375 0.15
