1 0.40703125 0.7666666666666667 0.2921875 0.31666666666666665
3 0.874609375 0.6506944444444445 0.25078125 0.39583333333333337
2 0.31640625 0.1798611111111111 0.065625 0.15694444444444444
0 0.358203125 0.39583333333333337 0.06484375 0.13611111111111113
0 0.5546875 0.3993055555555556 0.065625 0.1375
0 0.530859375 0.17152777777777778 0.057031250000000006 0.11527777777777778
0 0.537109375 0.13958333333333334 0.05859375 0.11805555555555557
0 0.48359375000000004 0.13611111111111113 0.0546875 0.11111111111111112
0 0.487890625 0.10416666666666667 0.057031250000000006 0.11388888888888889
3 0.19062500000000002 0.07708333333333334 0.12187500000000001 0.15416666666666667
3 0.6566406250000001 0.07569444444444445 0.16328125000000002 0.1513888888888889
2 0.6488281250000001 0.6027777777777777 0.12265625000000001 0.2
