1 0.25390625 0.35000000000000003 0.29375 0.5388888888888889
3 0.909765625 0.5319444444444444 0.18046875 0.4861111111111111
2 0.381640625 0.36041666666666666 0.07421875 0.09027777777777778
0 0.36484375 0.4118055555555556 0.07187500000000001 0.07083333333333333
0 0.564453125 0.4416666666666667 0.08203125 0.08611111111111111
0 0.5859375 0.39305555555555555 0.06406250000000001 0.061111111111111116
0 0.5875 0.35000000000000003 0.06406250000000001 0.058333333333333334
0 0.5437500000000001 0.38125000000000003 0.059375000000000004 0.05694444444444444
0 0.544921875 0.34097222222222223 0.06015625 0.05416666666666667
3 0.321875 0.30972222222222223 0.059375000000000004 0.125
3 0.737890625 0.33819444444444446 0.14921875 0.16805555555555557
2 0.6273437500000001 0.49375 0.1265625 0.20416666666666666
