1 0.122265625 0.2138888888888889 0.24453125 0.4277777777777778
2 0.5625 0.5020833333333333 0.146875 0.2513888888888889
0 0.370703125 0.42847222222222225 0.07890625000000001 0.15972222222222224
0 0.22109375 0.76875 0.09375 0.2013888888888889
0 0.43281250000000004 0.9638888888888889 0.11093750000000001 0.07222222222222223
0 0.43828125 0.9583333333333334 0.11875000000000001 0.08333333333333334
0 0.5125000000000001 0.9263888888888889 0.115625 0.14722222222222223
0 0.52265625 0.9194444444444445 0.1234375 0.16111111111111112
3 0.80078125 0.35833333333333334 0.2609375 0.3
2 0.06171875 0.7034722222222223 0.1234375 0.28194444444444444
