1 0.560546875 0.27847222222222223 0.17734375000000002 0.33194444444444443
3 0.36250000000000004 0.29375 0.09531250000000001 0.12083333333333333
2 0.162109375 0.4340277777777778 0.13203125000000002 0.16527777777777777
0 0.34453125 0.4166666666666667 0.0765625 0.075
0 0.298046875 0.3666666666666667 0.05859375 0.05277777777777778
0 0.14140625 0.3784722222222222 0.07187500000000001 0.05694444444444444
0 0.139453125 0.33333333333333337 0.07265625 0.05555555555555556
0 0.10703125000000001 0.39305555555555555 0.08125 0.0638888888888889
0 0.10507812500000001 0.34444444444444444 0.08203125 0.061111111111111116
3 0.031640625 0.5437500000000001 0.06328125 0.5819444444444445
3 0.05859375 0.3145833333333333 0.1171875 0.15694444444444444
2 0.3828125 0.33819444444444446 0.0765625 0.08194444444444444
