1 0.475390625 0.2763888888888889 0.16171875000000002 0.28055555555555556
3 0.23046875 0.3 0.0921875 0.125
2 0.23359375000000002 0.46319444444444446 0.1625 0.19305555555555556
0 0.35078125000000004 0.4173611111111111 0.078125 0.0763888888888889
0 0.230859375 0.3791666666666667 0.06015625 0.058333333333333334
0 0.06796875000000001 0.4118055555555556 0.07968750000000001 0.07361111111111111
0 0.065234375 0.3597222222222222 0.08046875 0.06944444444444445
0 0.051562500000000004 0.43333333333333335 0.09062500000000001 0.08333333333333334
0 0.048828125 0.375 0.09140625000000001 0.07777777777777778
3 0.177734375 0.6354166666666667 0.35546875 0.7291666666666667
3 0.0 0.3506944444444445 0.0 0.2125
2 0.28671875 0.3423611111111111 0.08125 0.08472222222222223
