1 0.134375 0.3027777777777778 0.178125 0.33055555555555555
3 0.0 0.6145833333333334 0.0 0.6208333333333333
2 0.5300781250000001 0.39722222222222225 0.09296875 0.11388888888888889
0 0.36953125000000003 0.4166666666666667 0.0734375 0.07222222222222223
0 0.30117187500000003 0.5034722222222222 0.10546875 0.11805555555555557
0 0.569921875 0.5375 0.12578125 0.1388888888888889
0 0.57265625 0.45763888888888893 0.12812500000000002 0.12638888888888888
0 0.6117187500000001 0.5055555555555555 0.11406250000000001 0.11944444444444445
0 0.614453125 0.4340277777777778 0.11640625 0.10972222222222222
3 0.6394531250000001 0.3368055555555556 0.14921875 0.16527777777777777
3 0.84375 0.6569444444444444 0.3125 0.6861111111111111
2 0.08828125 0.49444444444444446 0.1765625 0.19444444444444445
