1 0.21640625000000002 0.13958333333333334 0.22187500000000002 0.2791666666666667
2 0.5109375 0.6416666666666667 0.14375000000000002 0.2638888888888889
0 0.36484375 0.4326388888888889 0.0484375 0.13472222222222222
0 0.153125 0.5979166666666667 0.0703125 0.1486111111111111
0 0.22812500000000002 0.9395833333333333 0.0734375 0.12083333333333333
0 0.22031250000000002 0.9333333333333333 0.07968750000000001 0.13333333333333333
0 0.315234375 0.945138888888889 0.06328125 0.10972222222222222
0 0.31289062500000003 0.9388888888888889 0.06796875000000001 0.12222222222222223
3 0.8015625000000001 0.7090277777777778 0.30000000000000004 0.4236111111111111
2 0.05390625 0.42847222222222225 0.1078125 0.23194444444444445
