1 0.6410156250000001 0.29305555555555557 0.15546875000000002 0.45
3 0.552734375 0.29930555555555555 0.11484375000000001 0.13194444444444445
2 0.162890625 0.39375 0.12734375 0.12916666666666668
0 0.34453125 0.41458333333333336 0.08125 0.08194444444444444
0 0.403125 0.36597222222222225 0.0625 0.05694444444444444
0 0.2703125 0.35555555555555557 0.0546875 0.05277777777777778
0 0.26992187500000003 0.31736111111111115 0.055468750000000004 0.04861111111111111
0 0.22812500000000002 0.3625 0.0578125 0.05555555555555556
0 0.22734375 0.3215277777777778 0.0578125 0.051388888888888894
3 0.0054687500000000005 0.3819444444444445 0.010937500000000001 0.28055555555555556
3 0.24765625000000002 0.29375 0.0890625 0.12083333333333333
2 0.515625 0.35000000000000003 0.078125 0.09166666666666667
