1 0.08281250000000001 0.42083333333333334 0.16562500000000002 0.5638888888888889
2 0.541015625 0.2986111111111111 0.12265625000000001 0.17777777777777778
0 0.37343750000000003 0.4131944444444445 0.084375 0.13472222222222222
0 0.40390625 0.8354166666666667 0.1046875 0.1736111111111111
0 0.6484375 0.7930555555555556 0.11093750000000001 0.16944444444444445
0 0.665625 0.7756944444444445 0.11875000000000001 0.17916666666666667
0 0.6648437500000001 0.6618055555555555 0.1046875 0.15694444444444444
0 0.681640625 0.638888888888889 0.11171875 0.16666666666666669
3 0.6312500000000001 0.09791666666666667 0.19062500000000002 0.19583333333333333
3 0.8851562500000001 0.9784722222222223 0.22968750000000002 0.043055555555555555
2 0.209765625 0.9527777777777778 0.15859375 0.09444444444444444
