1 0.532421875 0.7381944444444445 0.33515625000000004 0.4625
3 0.8734375000000001 0.37986111111111115 0.253125 0.3652777777777778
2 0.26484375 0.19722222222222224 0.08750000000000001 0.18888888888888888
0 0.353515625 0.3944444444444445 0.05234375 0.13333333333333333
0 0.5417968750000001 0.3027777777777778 0.05078125 0.125
0 0.46992187500000004 0.09652777777777778 0.041406250000000006 0.10694444444444445
0 0.47382812500000004 0.06180555555555556 0.04296875 0.10972222222222222
0 0.417578125 0.08194444444444444 0.041406250000000006 0.10555555555555556
0 0.419921875 0.050694444444444445 0.04296875 0.10138888888888889
3 0.0890625 0.11736111111111111 0.1703125 0.23472222222222222
3 0.55390625 0.017361111111111112 0.15000000000000002 0.034722222222222224
2 0.669921875 0.45069444444444445 0.14296875 0.22361111111111112
