1 0.091015625 0.3 0.18203125 0.4138888888888889
3 0.07265625 0.6472222222222223 0.1453125 0.7055555555555556
2 0.523046875 0.3805555555555556 0.10390625 0.10833333333333334
0 0.371875 0.4152777777777778 0.078125 0.075
0 0.393359375 0.5166666666666667 0.11796875000000001 0.13055555555555556
0 0.6800781250000001 0.5104166666666667 0.12109375 0.12638888888888888
0 0.6843750000000001 0.43194444444444446 0.1234375 0.11666666666666667
0 0.68125 0.47500000000000003 0.10625000000000001 0.10555555555555556
0 0.684765625 0.40625 0.10859375 0.09861111111111112
3 0.5808593750000001 0.3194444444444445 0.13046875 0.15833333333333333
3 0.97421875 0.6027777777777777 0.051562500000000004 0.6666666666666667
2 0.14570312500000002 0.5430555555555556 0.21171875 0.24722222222222223
