1 0.330859375 0.27569444444444446 0.13671875 0.23750000000000002
3 0.020703125000000003 0.33333333333333337 0.041406250000000006 0.17222222222222222
2 0.43398437500000003 0.46597222222222223 0.11171875 0.1763888888888889
0 0.35703125 0.41944444444444445 0.0671875 0.07777777777777778
0 0.14921875 0.4201388888888889 0.08125 0.07916666666666666
0 0.062109375 0.5055555555555555 0.12421875 0.125
0 0.060546875 0.43125 0.12109375 0.11527777777777778
0 0.12109375 0.5284722222222222 0.1296875 0.14027777777777778
0 0.118359375 0.4486111111111111 0.13203125000000002 0.1277777777777778
3 0.7996093750000001 0.5215277777777778 0.40078125000000003 0.49583333333333335
2 0.13398437500000002 0.36944444444444446 0.08671875000000001 0.09722222222222222
