1 0.203125 0.34305555555555556 0.28125 0.5611111111111111
3 0.9089843750000001 0.64375 0.18203125 0.7069444444444445
2 0.40625 0.3611111111111111 0.08125 0.09444444444444444
0 0.366796875 0.4118055555555556 0.07421875 0.07083333333333333
0 0.566015625 0.45625000000000004 0.09609375 0.09305555555555556
0 0.619140625 0.4041666666666667 0.07578125000000001 0.06666666666666667
0 0.6214843750000001 0.35694444444444445 0.07578125000000001 0.0638888888888889
0 0.57734375 0.3902777777777778 0.06875 0.061111111111111116
0 0.579296875 0.3458333333333333 0.06953125 0.058333333333333334
3 0.3609375 0.30833333333333335 0.06875 0.1277777777777778
3 0.8109375000000001 0.35208333333333336 0.17500000000000002 0.19861111111111113
2 0.59296875 0.5215277777777778 0.1625 0.24027777777777778
