1 0.55390625 0.32430555555555557 0.3359375 0.6069444444444445
3 0.8386718750000001 0.35208333333333336 0.19609375 0.21805555555555556
2 0.26484375 0.36319444444444443 0.0765625 0.10138888888888889
0 0.3515625 0.41111111111111115 0.0484375 0.075
0 0.52734375 0.38958333333333334 0.053125000000000006 0.06527777777777778
0 0.44296875 0.35694444444444445 0.035937500000000004 0.05
0 0.443359375 0.3194444444444445 0.03515625 0.04722222222222222
0 0.396484375 0.3548611111111111 0.032031250000000004 0.04861111111111111
0 0.39687500000000003 0.3180555555555556 0.0328125 0.04722222222222222
3 0.11328125 0.3215277777777778 0.1265625 0.16527777777777777
3 0.49140625000000004 0.2986111111111111 0.10312500000000001 0.125
2 0.6707031250000001 0.40069444444444446 0.13828125 0.13472222222222222
