1 0.551953125 0.28125 0.17265625 0.32083333333333336
3 0.35390625000000003 0.29583333333333334 0.09375 0.11944444444444445
2 0.17148437500000002 0.4354166666666667 0.12890625 0.1625
0 0.3453125 0.4166666666666667 0.0734375 0.07222222222222223
0 0.294140625 0.36875 0.057031250000000006 0.051388888888888894
0 0.139453125 0.38125000000000003 0.07109375 0.05694444444444444
0 0.13789062500000002 0.33611111111111114 0.07265625 0.05555555555555556
0 0.10703125000000001 0.39583333333333337 0.07968750000000001 0.0638888888888889
0 0.10507812500000001 0.34652777777777777 0.08046875 0.059722222222222225
3 0.04453125 0.545138888888889 0.0890625 0.5708333333333333
3 0.05625 0.3180555555555556 0.1125 0.15833333333333333
2 0.3765625 0.3388888888888889 0.07500000000000001 0.08055555555555556
