1 0.14765625000000002 0.2951388888888889 0.18281250000000002 0.3236111111111111
2 0.53828125 0.40555555555555556 0.1046875 0.1277777777777778
0 0.369140625 0.4173611111111111 0.07421875 0.0763888888888889
0 0.257421875 0.5013888888888889 0.10078125 0.12222222222222223
0 0.5234375 0.5597222222222222 0.1375 0.15833333333333333
0 0.525390625 0.4729166666666667 0.13984375000000002 0.14305555555555557
0 0.5875 0.5277777777777778 0.1296875 0.1388888888888889
0 0.5906250000000001 0.44930555555555557 0.13125 0.12638888888888888
3 0.684765625 0.34305555555555556 0.17109375000000002 0.18055555555555555
3 0.77890625 0.6604166666666667 0.4421875 0.6791666666666667
2 0.069140625 0.4791666666666667 0.13828125 0.19166666666666668
