1 0.6156250000000001 0.4201388888888889 0.2 0.5097222222222222
3 0.6003906250000001 0.03402777777777778 0.15078125 0.06805555555555556
2 0.178125 0.3784722222222222 0.1234375 0.19305555555555556
0 0.345703125 0.4076388888888889 0.07421875 0.14027777777777778
0 0.4109375 0.16597222222222222 0.065625 0.11527777777777778
0 0.26992187500000003 0.09652777777777778 0.06171875 0.10972222222222222
0 0.2671875 0.06319444444444444 0.06406250000000001 0.1125
0 0.226953125 0.13541666666666669 0.06484375 0.1125
0 0.22187500000000002 0.10277777777777779 0.0671875 0.11666666666666667
3 0.032031250000000004 0.51875 0.06406250000000001 0.2763888888888889
3 0.23515625 0.0 0.115625 0.0
2 0.5328125 0.14583333333333334 0.096875 0.1638888888888889
