1 0.46953125 0.2729166666666667 0.1640625 0.2847222222222222
3 0.21601562500000002 0.2986111111111111 0.09453125000000001 0.1277777777777778
2 0.23515625 0.46875 0.1703125 0.20416666666666666
0 0.349609375 0.41875 0.08203125 0.07916666666666666
0 0.220703125 0.37986111111111115 0.06328125 0.059722222222222225
0 0.05234375 0.4166666666666667 0.08281250000000001 0.07777777777777778
0 0.049609375000000004 0.3611111111111111 0.08515625 0.07222222222222223
0 0.0421875 0.4388888888888889 0.084375 0.08888888888888889
0 0.041015625 0.37777777777777777 0.08203125 0.08333333333333334
3 0.191796875 0.63125 0.38359375 0.7375
2 0.276171875 0.3416666666666667 0.08359375000000001 0.08611111111111111
