1 0.11210937500000001 0.30347222222222225 0.18359375 0.3625
3 0.0078125 0.6520833333333333 0.015625 0.6958333333333334
2 0.5265625 0.3888888888888889 0.096875 0.10833333333333334
0 0.369921875 0.41597222222222224 0.07578125000000001 0.07361111111111111
0 0.3453125 0.5097222222222222 0.1125 0.12222222222222223
0 0.62265625 0.5222222222222223 0.11875000000000001 0.13055555555555556
0 0.6257812500000001 0.4451388888888889 0.1203125 0.12083333333333333
0 0.644140625 0.48888888888888893 0.10546875 0.11111111111111112
0 0.64765625 0.4201388888888889 0.10625000000000001 0.10416666666666667
3 0.6078125000000001 0.3284722222222222 0.1375 0.15972222222222224
3 0.9105468750000001 0.6451388888888889 0.17890625000000002 0.701388888888889
2 0.11210937500000001 0.5159722222222223 0.19765625 0.2125
