1 0.094921875 0.5 0.18984375 0.5611111111111111
2 0.5105468750000001 0.26458333333333334 0.11640625 0.18194444444444446
0 0.37148437500000003 0.40902777777777777 0.07421875 0.1125
0 0.44609375 0.7833333333333333 0.09062500000000001 0.13611111111111113
0 0.65390625 0.6729166666666667 0.09843750000000001 0.12916666666666668
0 0.66953125 0.6520833333333333 0.1046875 0.1375
0 0.6546875000000001 0.5541666666666667 0.0921875 0.12222222222222223
0 0.669140625 0.5291666666666667 0.09765625 0.1277777777777778
3 0.563671875 0.07847222222222222 0.16015625 0.15694444444444444
3 0.89375 0.8479166666666667 0.21250000000000002 0.3041666666666667
2 0.298828125 0.9409722222222222 0.15234375 0.11805555555555557
