1 0.44453125000000004 0.27708333333333335 0.1546875 0.2652777777777778
3 0.185546875 0.3041666666666667 0.09296875 0.1277777777777778
2 0.267578125 0.46875 0.16015625 0.19583333333333333
0 0.3515625 0.41875 0.07968750000000001 0.0763888888888889
0 0.21015625000000002 0.3861111111111111 0.065625 0.061111111111111116
0 0.053515625000000004 0.42847222222222225 0.08359375000000001 0.08194444444444444
0 0.050390625 0.3715277777777778 0.08359375000000001 0.0763888888888889
0 0.048046875 0.4513888888888889 0.09296875 0.09444444444444444
0 0.04609375 0.38958333333333334 0.0921875 0.08750000000000001
3 0.295703125 0.638888888888889 0.34453125 0.7222222222222222
2 0.2546875 0.34652777777777777 0.08281250000000001 0.08472222222222223
