1 0.501953125 0.2777777777777778 0.16640625 0.2916666666666667
3 0.27265625 0.2972222222222222 0.0921875 0.12222222222222223
2 0.20664062500000002 0.45555555555555555 0.15390625000000002 0.18611111111111112
0 0.34882812500000004 0.4173611111111111 0.07421875 0.07361111111111111
0 0.25078125 0.37430555555555556 0.05625 0.05416666666666667
0 0.08867187500000001 0.4 0.07734375 0.06666666666666667
0 0.08671875000000001 0.3506944444444445 0.078125 0.0625
0 0.065234375 0.41944444444444445 0.08828125 0.075
0 0.062890625 0.36458333333333337 0.08984375 0.07083333333333333
3 0.1265625 0.63125 0.253125 0.7291666666666667
3 0.015234375000000001 0.3368055555555556 0.030468750000000003 0.1902777777777778
2 0.31679687500000003 0.34097222222222223 0.07890625000000001 0.08194444444444444
