1 0.3046875 0.34861111111111115 0.296875 0.5305555555555556
3 0.9089843750000001 0.4763888888888889 0.18203125 0.3944444444444445
2 0.358203125 0.36041666666666666 0.06796875000000001 0.08750000000000001
0 0.362109375 0.4118055555555556 0.06953125 0.07083333333333333
0 0.562109375 0.42986111111111114 0.07109375 0.07916666666666666
0 0.556640625 0.38333333333333336 0.055468750000000004 0.058333333333333334
0 0.5578125 0.3423611111111111 0.0546875 0.05416666666666667
0 0.513671875 0.37430555555555556 0.05234375 0.05416666666666667
0 0.51484375 0.33611111111111114 0.053125000000000006 0.05
3 0.286328125 0.31180555555555556 0.06328125 0.12916666666666668
3 0.6796875 0.3277777777777778 0.1328125 0.1527777777777778
2 0.659765625 0.4715277777777778 0.12890625 0.17916666666666667
