1 0.30390625000000004 0.27361111111111114 0.1421875 0.25
3 0.0 0.3458333333333333 0.0 0.2
2 0.47500000000000003 0.46319444444444446 0.1390625 0.18472222222222223
0 0.358984375 0.41944444444444445 0.06015625 0.08055555555555556
0 0.13398437500000002 0.4326388888888889 0.08671875000000001 0.08750000000000001
0 0.078515625 0.5347222222222222 0.13671875 0.14722222222222223
0 0.07421875 0.45069444444444445 0.1390625 0.13194444444444445
0 0.16367187500000002 0.5548611111111111 0.13203125000000002 0.15972222222222224
0 0.1609375 0.4652777777777778 0.134375 0.14444444444444446
3 0.831640625 0.48888888888888893 0.33671875 0.4527777777777778
2 0.096875 0.3791666666666667 0.09062500000000001 0.11111111111111112
