1 0.08515625 0.4305555555555556 0.1703125 0.5444444444444445
2 0.531640625 0.29791666666666666 0.11796875000000001 0.1736111111111111
0 0.371875 0.4131944444444445 0.08125 0.12916666666666668
0 0.405859375 0.8152777777777778 0.09921875000000001 0.1638888888888889
0 0.63828125 0.7659722222222223 0.1046875 0.15972222222222224
0 0.653515625 0.7493055555555556 0.11015625000000001 0.16805555555555557
0 0.6527343750000001 0.6416666666666667 0.09921875000000001 0.14722222222222223
0 0.66796875 0.6180555555555556 0.1046875 0.15555555555555556
3 0.61640625 0.09861111111111112 0.18125000000000002 0.19722222222222224
3 0.8777343750000001 0.9506944444444445 0.24453125 0.09861111111111112
2 0.22578125000000002 0.9423611111111111 0.1484375 0.11527777777777778
