1 0.6082031250000001 0.2847222222222222 0.17421875 0.37222222222222223
3 0.4546875 0.2951388888888889 0.1015625 0.12361111111111112
2 0.14960937500000002 0.41111111111111115 0.13359375 0.13611111111111113
0 0.34414062500000003 0.41597222222222224 0.08203125 0.07916666666666666
0 0.35000000000000003 0.3652777777777778 0.060937500000000006 0.05555555555555556
0 0.205078125 0.36458333333333337 0.06328125 0.05416666666666667
0 0.20390625 0.32430555555555557 0.06406250000000001 0.051388888888888894
0 0.16562500000000002 0.375 0.06875 0.058333333333333334
0 0.164453125 0.33125 0.06953125 0.05694444444444444
3 0.0 0.4451388888888889 0.0 0.39583333333333337
3 0.15390625000000002 0.30208333333333337 0.1046875 0.13472222222222222
2 0.44960937500000003 0.34097222222222223 0.07265625 0.08194444444444444
