1 0.58359375 0.32708333333333334 0.23593750000000002 0.4930555555555556
3 0.696484375 0.32708333333333334 0.13359375 0.15972222222222224
2 0.22734375 0.375 0.0921875 0.10555555555555556
0 0.35000000000000003 0.41250000000000003 0.05625 0.07222222222222223
0 0.47382812500000004 0.3791666666666667 0.055468750000000004 0.058333333333333334
0 0.37343750000000003 0.35555555555555557 0.040625 0.04722222222222222
0 0.37343750000000003 0.32083333333333336 0.040625 0.044444444444444446
0 0.33046875000000003 0.3576388888888889 0.0390625 0.04861111111111111
0 0.33046875000000003 0.3215277777777778 0.0390625 0.04583333333333334
3 0.060546875 0.3423611111111111 0.12109375 0.18472222222222223
3 0.39140625 0.2986111111111111 0.0890625 0.11388888888888889
2 0.596875 0.3770833333333333 0.1046875 0.10694444444444445
