1 0.44062500000000004 0.27083333333333337 0.15937500000000002 0.275
3 0.16875 0.3013888888888889 0.096875 0.13333333333333333
2 0.2703125 0.47500000000000003 0.1703125 0.2111111111111111
0 0.351171875 0.41875 0.08359375000000001 0.08194444444444444
0 0.19882812500000002 0.3861111111111111 0.06953125 0.0638888888888889
0 0.039453125000000006 0.43333333333333335 0.07890625000000001 0.08888888888888889
0 0.03828125 0.3729166666666667 0.0765625 0.08194444444444444
0 0.040234375 0.45833333333333337 0.08046875 0.10277777777777779
0 0.038671875 0.39166666666666666 0.07734375 0.09444444444444444
3 0.362890625 0.6319444444444444 0.42421875000000003 0.7361111111111112
2 0.24335937500000002 0.34444444444444444 0.08515625 0.08888888888888889
