1 0.22226562500000002 0.28055555555555556 0.16640625 0.28055555555555556
2 0.537109375 0.4375 0.14609375 0.1638888888888889
0 0.366015625 0.41805555555555557 0.057031250000000006 0.07777777777777778
0 0.15195312500000002 0.46944444444444444 0.07109375 0.10555555555555556
0 0.274609375 0.58125 0.08984375 0.1736111111111111
0 0.273046875 0.4861111111111111 0.09140625000000001 0.15833333333333333
0 0.3921875 0.5736111111111112 0.10625000000000001 0.16944444444444445
0 0.39296875000000003 0.48055555555555557 0.1078125 0.1527777777777778
3 0.8191406250000001 0.39375 0.25078125 0.2791666666666667
3 0.13984375000000002 0.6527777777777778 0.27968750000000003 0.6944444444444444
2 0.047265625000000006 0.4201388888888889 0.09453125000000001 0.1486111111111111
