1 0.386328125 0.27708333333333335 0.14296875 0.24583333333333335
3 0.094140625 0.31527777777777777 0.09453125000000001 0.14166666666666666
2 0.3453125 0.4715277777777778 0.1328125 0.1902777777777778
0 0.354296875 0.41944444444444445 0.07578125000000001 0.07777777777777778
0 0.176171875 0.40069444444444446 0.07421875 0.06805555555555556
0 0.048046875 0.46319444444444446 0.09609375 0.10138888888888889
0 0.046875 0.3993055555555556 0.09375 0.09305555555555556
0 0.06601562500000001 0.4881944444444445 0.11640625 0.11527777777777778
0 0.062890625 0.41875 0.11796875000000001 0.10694444444444445
3 0.66171875 0.5868055555555556 0.40937500000000004 0.6097222222222223
2 0.19453125000000002 0.35625 0.084375 0.09027777777777778
