1 0.099609375 0.3159722222222222 0.15703125 0.42083333333333334
3 0.244140625 0.6583333333333333 0.48828125 0.6833333333333333
2 0.49648437500000003 0.3770833333333333 0.09765625 0.10138888888888889
0 0.370703125 0.41458333333333336 0.06953125 0.06805555555555556
0 0.440234375 0.5020833333333333 0.09765625 0.10972222222222222
0 0.669921875 0.47847222222222224 0.10859375 0.09861111111111112
0 0.6734375 0.4118055555555556 0.11093750000000001 0.09305555555555556
0 0.657421875 0.44930555555555557 0.09453125000000001 0.08472222222222223
0 0.66015625 0.3909722222222222 0.096875 0.07916666666666666
3 0.529296875 0.3180555555555556 0.11015625000000001 0.14444444444444446
3 0.95234375 0.4979166666666667 0.09531250000000001 0.44583333333333336
2 0.25859375 0.545138888888889 0.1765625 0.24583333333333335
