1 0.38125000000000003 0.26805555555555555 0.15000000000000002 0.25833333333333336
3 0.06796875000000001 0.31180555555555556 0.10312500000000001 0.1513888888888889
2 0.353125 0.4791666666666667 0.14375000000000002 0.2111111111111111
0 0.35390625000000003 0.41944444444444445 0.08125 0.08333333333333334
0 0.158984375 0.4013888888888889 0.08203125 0.075
0 0.035546875 0.4729166666666667 0.07109375 0.11527777777777778
0 0.033984375000000004 0.40208333333333335 0.06796875000000001 0.10416666666666667
0 0.051953125 0.5020833333333333 0.10390625 0.13472222222222222
0 0.050390625 0.42291666666666666 0.10078125 0.12083333333333333
3 0.7468750000000001 0.6298611111111111 0.50625 0.7402777777777778
2 0.17734375000000002 0.3541666666666667 0.09062500000000001 0.09444444444444444
