1 0.5078125 0.32916666666666666 0.34375 0.6
3 0.890234375 0.37430555555555556 0.21953125 0.25416666666666665
2 0.2890625 0.36041666666666666 0.065625 0.09583333333333334
0 0.35390625000000003 0.4118055555555556 0.0578125 0.0763888888888889
0 0.5457031250000001 0.39861111111111114 0.047656250000000004 0.06944444444444445
0 0.474609375 0.3611111111111111 0.03515625 0.05277777777777778
0 0.475390625 0.3229166666666667 0.03515625 0.04861111111111111
0 0.428515625 0.3576388888888889 0.03671875 0.051388888888888894
0 0.429296875 0.3201388888888889 0.03671875 0.04861111111111111
3 0.158984375 0.31736111111111115 0.10703125000000001 0.15416666666666667
3 0.540234375 0.30347222222222225 0.11015625000000001 0.13194444444444445
2 0.6890625 0.4173611111111111 0.1484375 0.14583333333333334
