1 0.19375 0.2881944444444445 0.171875 0.28750000000000003
2 0.5390625 0.42430555555555555 0.1296875 0.14583333333333334
0 0.36757812500000003 0.41875 0.06484375 0.0763888888888889
0 0.19101562500000002 0.48194444444444445 0.07109375 0.11111111111111112
0 0.37734375000000003 0.5756944444444445 0.1171875 0.16805555555555557
0 0.37812500000000004 0.4847222222222222 0.11875000000000001 0.1527777777777778
0 0.478125 0.5569444444444445 0.1234375 0.15555555555555556
0 0.480078125 0.4708333333333333 0.12578125 0.14166666666666666
3 0.7582031250000001 0.36944444444444446 0.20859375000000002 0.225
3 0.36015625 0.6625 0.7203125 0.675
2 0.053125000000000006 0.44027777777777777 0.10625000000000001 0.16111111111111112
