1 0.119140625 0.32430555555555557 0.15234375 0.45972222222222225
3 0.46015625000000004 0.6576388888888889 0.6203125 0.6847222222222222
2 0.47734375 0.3715277777777778 0.09531250000000001 0.09861111111111112
0 0.370703125 0.4131944444444445 0.06484375 0.06527777777777778
0 0.48828125 0.4930555555555556 0.1 0.1
0 0.671875 0.4569444444444445 0.1046875 0.08333333333333334
0 0.675 0.39513888888888893 0.10625000000000001 0.07916666666666666
0 0.64765625 0.43125 0.09062500000000001 0.07361111111111111
0 0.65 0.3763888888888889 0.0921875 0.06944444444444445
3 0.48828125 0.3145833333333333 0.09843750000000001 0.1375
3 0.947265625 0.4444444444444445 0.10546875 0.35555555555555557
2 0.35234375 0.5534722222222223 0.1953125 0.2625
