1 0.534375 0.27569444444444446 0.17500000000000002 0.31527777777777777
3 0.3171875 0.29444444444444445 0.09375 0.12222222222222223
2 0.17929687500000002 0.4465277777777778 0.14453125 0.17916666666666667
0 0.346484375 0.4166666666666667 0.07265625 0.07222222222222223
0 0.27265625 0.36944444444444446 0.0578125 0.05277777777777778
0 0.110546875 0.3875 0.07578125000000001 0.061111111111111116
0 0.10859375 0.3402777777777778 0.0765625 0.058333333333333334
0 0.080078125 0.4048611111111111 0.08671875000000001 0.06805555555555556
0 0.07773437500000001 0.35208333333333336 0.08828125 0.06527777777777778
3 0.071484375 0.6041666666666667 0.14296875 0.6972222222222223
3 0.035546875 0.3236111111111111 0.07109375 0.17500000000000002
2 0.35000000000000003 0.33819444444444446 0.078125 0.08194444444444444
