1 0.36640625000000004 0.3416666666666667 0.3140625 0.5444444444444445
3 0.909765625 0.43680555555555556 0.18046875 0.3402777777777778
2 0.33437500000000003 0.3597222222222222 0.0625 0.08888888888888889
0 0.359375 0.4118055555555556 0.0671875 0.07361111111111111
0 0.5609375 0.41875 0.060937500000000006 0.0763888888888889
0 0.53125 0.375 0.0484375 0.05555555555555556
0 0.532421875 0.33472222222222225 0.047656250000000004 0.05277777777777778
0 0.487109375 0.3680555555555556 0.047656250000000004 0.05277777777777778
0 0.487890625 0.3298611111111111 0.047656250000000004 0.04861111111111111
3 0.24609375 0.31319444444444444 0.0765625 0.13472222222222222
3 0.6332031250000001 0.3180555555555556 0.12421875 0.14444444444444446
2 0.6824218750000001 0.45208333333333334 0.14453125 0.16527777777777777
