1 0.45546875000000003 0.1277777777777778 0.2078125 0.2555555555555556
3 0.1046875 0.035416666666666666 0.134375 0.07083333333333333
2 0.29335937500000003 0.7305555555555556 0.13984375000000002 0.28055555555555556
0 0.35078125000000004 0.4326388888888889 0.08281250000000001 0.14305555555555557
0 0.183984375 0.27708333333333335 0.08046875 0.12638888888888888
0 0.053125000000000006 0.5152777777777778 0.09843750000000001 0.15
0 0.045312500000000006 0.4881944444444445 0.09062500000000001 0.15694444444444444
0 0.06992187500000001 0.6180555555555556 0.10234375000000001 0.16111111111111112
0 0.055859375 0.5951388888888889 0.10859375 0.16805555555555557
2 0.21445312500000002 0.09444444444444444 0.10390625 0.18333333333333335
