1 0.1390625 0.28541666666666665 0.1953125 0.3402777777777778
2 0.551953125 0.4076388888888889 0.11484375000000001 0.1375
0 0.37031250000000004 0.4173611111111111 0.078125 0.08194444444444444
0 0.23945312500000002 0.5090277777777777 0.10703125000000001 0.13472222222222222
0 0.528515625 0.58125 0.15546875000000002 0.18472222222222223
0 0.531640625 0.48333333333333334 0.15859375 0.1638888888888889
0 0.602734375 0.545138888888889 0.14609375 0.15972222222222224
0 0.6062500000000001 0.4569444444444445 0.1484375 0.14444444444444446
3 0.7132812500000001 0.3402777777777778 0.1875 0.19444444444444445
3 0.778515625 0.6513888888888889 0.44296875 0.6972222222222223
2 0.05625 0.48125 0.1125 0.20694444444444446
