1 0.1609375 0.3340277777777778 0.253125 0.5680555555555555
3 0.890625 0.6458333333333334 0.21875 0.7083333333333334
2 0.43046875 0.3625 0.0890625 0.09722222222222222
0 0.369140625 0.41250000000000003 0.07421875 0.07222222222222223
0 0.558984375 0.4708333333333333 0.10703125000000001 0.1
0 0.650390625 0.41805555555555557 0.08828125 0.075
0 0.6531250000000001 0.3652777777777778 0.0890625 0.06944444444444445
0 0.6097656250000001 0.4 0.07890625000000001 0.06666666666666667
0 0.6117187500000001 0.35208333333333336 0.07968750000000001 0.0625
3 0.40078125000000003 0.30694444444444446 0.078125 0.13055555555555556
3 0.892578125 0.3715277777777778 0.21015625000000002 0.24027777777777778
2 0.540625 0.5479166666666667 0.2 0.27361111111111114
