1 0.280859375 0.7645833333333334 0.31171875000000004 0.4486111111111111
3 0.8656250000000001 0.8861111111111112 0.26875 0.22777777777777777
2 0.36953125000000003 0.17222222222222222 0.084375 0.17777777777777778
0 0.362890625 0.3965277777777778 0.07421875 0.1375
0 0.5613281250000001 0.5048611111111111 0.08359375000000001 0.1486111111111111
0 0.5906250000000001 0.2604166666666667 0.0734375 0.12361111111111112
0 0.59921875 0.23055555555555557 0.0765625 0.1277777777777778
0 0.5484375 0.20347222222222222 0.0703125 0.11805555555555557
0 0.5554687500000001 0.17083333333333334 0.07187500000000001 0.12222222222222223
3 0.284375 0.04583333333333334 0.084375 0.09166666666666667
3 0.7671875 0.1527777777777778 0.1859375 0.28611111111111115
2 0.60703125 0.7666666666666667 0.12187500000000001 0.25833333333333336
