1 0.10625000000000001 0.5798611111111112 0.21250000000000002 0.6263888888888889
2 0.49726562500000004 0.22291666666666668 0.12265625000000001 0.2013888888888889
0 0.37226562500000004 0.4048611111111111 0.07421875 0.10138888888888889
0 0.494921875 0.7743055555555556 0.09921875000000001 0.12083333333333333
0 0.685546875 0.5993055555555555 0.11015625000000001 0.1125
0 0.703125 0.5729166666666667 0.1171875 0.11805555555555557
0 0.671875 0.4791666666666667 0.1015625 0.10555555555555556
0 0.6875 0.45 0.1078125 0.11111111111111112
3 0.5222656250000001 0.05416666666666667 0.14921875 0.10833333333333334
3 0.9234375 0.7666666666666667 0.153125 0.4666666666666667
2 0.37226562500000004 0.9576388888888889 0.18046875 0.08472222222222223
