1 0.29296875 0.10416666666666667 0.1921875 0.20833333333333334
3 0.0 0.24375000000000002 0.0 0.34861111111111115
2 0.45429687500000004 0.7125 0.11796875000000001 0.24722222222222223
0 0.358984375 0.4354166666666667 0.06484375 0.1486111111111111
0 0.13789062500000002 0.48194444444444445 0.08515625 0.1527777777777778
0 0.125390625 0.8548611111111112 0.10390625 0.19583333333333333
0 0.11171875 0.8416666666666667 0.11093750000000001 0.20555555555555557
0 0.19648437500000002 0.9076388888888889 0.09921875000000001 0.18472222222222223
0 0.18710937500000002 0.9 0.10546875 0.2
3 0.75546875 0.8583333333333334 0.33906250000000004 0.2833333333333333
3 0.0 0.9923611111111111 0.0 0.015277777777777779
2 0.080078125 0.2833333333333333 0.09921875000000001 0.19166666666666668
