1 0.113671875 0.5638888888888889 0.22734375 0.5583333333333333
2 0.486328125 0.23819444444444446 0.11171875 0.18472222222222223
0 0.37109375 0.40625 0.0671875 0.09305555555555556
0 0.48085937500000003 0.7381944444444445 0.08828125 0.10972222222222222
0 0.6546875000000001 0.58125 0.096875 0.10138888888888889
0 0.6683593750000001 0.5576388888888889 0.10234375000000001 0.10694444444444445
0 0.64375 0.47361111111111115 0.09062500000000001 0.09722222222222222
0 0.6566406250000001 0.4465277777777778 0.09609375 0.10138888888888889
3 0.5105468750000001 0.06458333333333334 0.13828125 0.12916666666666668
3 0.898046875 0.7388888888888889 0.20390625 0.4361111111111111
2 0.37031250000000004 0.9291666666666667 0.15781250000000002 0.14166666666666666
