1 0.444921875 0.3340277777777778 0.32734375000000004 0.5597222222222222
3 0.9027343750000001 0.4027777777777778 0.19453125000000002 0.29444444444444445
2 0.311328125 0.3590277777777778 0.05859375 0.09027777777777778
0 0.35664062500000004 0.41111111111111115 0.06328125 0.075
0 0.5546875 0.4083333333333333 0.05 0.07222222222222223
0 0.50390625 0.36736111111111114 0.040625 0.05416666666666667
0 0.505078125 0.3277777777777778 0.041406250000000006 0.05
0 0.45859375 0.36180555555555555 0.0421875 0.051388888888888894
0 0.45937500000000003 0.32430555555555557 0.0421875 0.04861111111111111
3 0.20390625 0.3145833333333333 0.09062500000000001 0.14305555555555557
3 0.5867187500000001 0.3104166666666667 0.1171875 0.1375
2 0.69140625 0.43333333333333335 0.15000000000000002 0.1527777777777778
