1 0.117578125 0.6236111111111111 0.23515625 0.638888888888889
2 0.484375 0.20486111111111113 0.12187500000000001 0.20694444444444446
0 0.37226562500000004 0.40347222222222223 0.07734375 0.1125
0 0.516796875 0.7513888888888889 0.10546875 0.13333333333333333
0 0.688671875 0.5472222222222223 0.11015625000000001 0.12222222222222223
0 0.7058593750000001 0.5194444444444445 0.11796875000000001 0.1277777777777778
0 0.66796875 0.43333333333333335 0.1015625 0.11388888888888889
0 0.683203125 0.4013888888888889 0.10859375 0.11944444444444445
3 0.49257812500000003 0.044444444444444446 0.13984375000000002 0.08888888888888889
3 0.92734375 0.6715277777777778 0.1453125 0.46805555555555556
2 0.41914062500000004 0.9534722222222223 0.18515625000000002 0.09305555555555556
