1 0.4109375 0.26944444444444443 0.1546875 0.26666666666666666
3 0.11875000000000001 0.30625 0.1 0.14027777777777778
2 0.310546875 0.4791666666666667 0.16171875000000002 0.2138888888888889
0 0.35273437500000004 0.41944444444444445 0.08359375000000001 0.08333333333333334
0 0.17734375000000002 0.39305555555555555 0.0765625 0.06944444444444445
0 0.035546875 0.45208333333333334 0.07109375 0.10138888888888889
0 0.033984375000000004 0.38680555555555557 0.06796875000000001 0.09305555555555556
0 0.043359375000000006 0.4798611111111111 0.08671875000000001 0.11805555555555557
0 0.041796875000000004 0.40694444444444444 0.08359375000000001 0.10833333333333334
3 0.633984375 0.63125 0.47421875 0.7375
2 0.209765625 0.34861111111111115 0.08828125 0.09166666666666667
