1 0.5734375 0.3277777777777778 0.28750000000000003 0.55
3 0.762890625 0.3375 0.15859375 0.18333333333333335
2 0.24453125 0.36875 0.084375 0.10416666666666667
0 0.3515625 0.4118055555555556 0.0484375 0.07361111111111111
0 0.5007812500000001 0.38333333333333336 0.0546875 0.061111111111111116
0 0.40742187500000004 0.35555555555555557 0.03828125 0.04722222222222222
0 0.40742187500000004 0.31875000000000003 0.03828125 0.04583333333333334
0 0.362890625 0.35555555555555557 0.03515625 0.04722222222222222
0 0.362890625 0.3194444444444445 0.03515625 0.044444444444444446
3 0.07500000000000001 0.33125 0.14375000000000002 0.1736111111111111
3 0.439453125 0.2986111111111111 0.09453125000000001 0.11944444444444445
2 0.6335937500000001 0.3875 0.1203125 0.11944444444444445
