1 0.16953125000000002 0.28611111111111115 0.18281250000000002 0.3111111111111111
2 0.548046875 0.4166666666666667 0.12578125 0.14444444444444446
0 0.36875 0.41805555555555557 0.07187500000000001 0.08055555555555556
0 0.20703125 0.49444444444444446 0.08750000000000001 0.12222222222222223
0 0.443359375 0.5826388888888889 0.13828125 0.17916666666666667
0 0.444921875 0.48750000000000004 0.14140625 0.16111111111111112
0 0.53671875 0.5555555555555556 0.1390625 0.16111111111111112
0 0.539453125 0.4673611111111111 0.14140625 0.14583333333333334
3 0.74375 0.35555555555555557 0.203125 0.2111111111111111
3 0.601171875 0.6590277777777778 0.7976562500000001 0.6819444444444445
2 0.051562500000000004 0.4569444444444445 0.10312500000000001 0.18055555555555555
