1 0.134375 0.18472222222222223 0.26875 0.36944444444444446
2 0.55859375 0.5583333333333333 0.15781250000000002 0.27222222222222225
0 0.36953125000000003 0.43125 0.07187500000000001 0.15972222222222224
0 0.18476562500000002 0.7277777777777779 0.08359375000000001 0.19444444444444445
0 0.36054687500000004 0.976388888888889 0.09921875000000001 0.04722222222222222
0 0.3609375 0.9722222222222222 0.10625000000000001 0.05555555555555556
0 0.453125 0.9520833333333334 0.1046875 0.09583333333333334
0 0.45937500000000003 0.9465277777777779 0.1125 0.10694444444444445
3 0.835546875 0.4715277777777778 0.28046875 0.3541666666666667
2 0.05 0.6125 0.1 0.28055555555555556
