1 0.10117187500000001 0.30833333333333335 0.17578125 0.3861111111111111
3 0.095703125 0.6555555555555556 0.19140625 0.6888888888888889
2 0.51328125 0.3819444444444445 0.09843750000000001 0.10277777777777779
0 0.369921875 0.4152777777777778 0.07421875 0.07222222222222223
0 0.39101562500000003 0.5083333333333333 0.10859375 0.11944444444444445
0 0.654296875 0.5020833333333333 0.10859375 0.11527777777777778
0 0.6578125 0.4291666666666667 0.11093750000000001 0.10555555555555556
0 0.6578125 0.4701388888888889 0.096875 0.09861111111111112
0 0.661328125 0.40555555555555556 0.09765625 0.09166666666666667
3 0.569921875 0.3229166666666667 0.12421875 0.1513888888888889
3 0.941015625 0.5673611111111111 0.11796875000000001 0.5680555555555555
2 0.16718750000000002 0.53125 0.1875 0.22361111111111112
