1 0.22265625 0.7493055555555556 0.3203125 0.5013888888888889
3 0.8558593750000001 0.9798611111111112 0.28828125 0.04027777777777778
2 0.39570312500000004 0.17152777777777778 0.09296875 0.1875
0 0.36484375 0.39861111111111114 0.078125 0.13611111111111113
0 0.5613281250000001 0.5618055555555556 0.09296875 0.1513888888888889
0 0.6195312500000001 0.3138888888888889 0.08281250000000001 0.1277777777777778
0 0.630078125 0.2833333333333333 0.08671875000000001 0.13333333333333333
0 0.58046875 0.24375000000000002 0.078125 0.12083333333333333
0 0.5890625 0.2111111111111111 0.08125 0.125
3 0.326171875 0.036111111111111115 0.08359375000000001 0.07222222222222223
3 0.8269531250000001 0.23819444444444446 0.20234375000000002 0.3013888888888889
2 0.58046875 0.8527777777777779 0.14375000000000002 0.2888888888888889
