1 0.083984375 0.30694444444444446 0.16796875 0.4527777777777778
3 0.241015625 0.6486111111111111 0.48203125 0.7027777777777778
2 0.505078125 0.375 0.10390625 0.10555555555555556
0 0.37031250000000004 0.41458333333333336 0.07500000000000001 0.07361111111111111
0 0.441015625 0.5111111111111112 0.10703125000000001 0.12222222222222223
0 0.693359375 0.4861111111111111 0.12109375 0.10833333333333334
0 0.697265625 0.4131944444444445 0.12265625000000001 0.10138888888888889
0 0.6781250000000001 0.45416666666666666 0.1046875 0.09166666666666667
0 0.6820312500000001 0.3902777777777778 0.10625000000000001 0.08611111111111111
3 0.539453125 0.3145833333333333 0.11640625 0.1486111111111111
3 0.982421875 0.5208333333333334 0.03515625 0.5166666666666667
2 0.232421875 0.5611111111111111 0.20078125000000002 0.275
