1 0.6042968750000001 0.31666666666666665 0.20078125000000002 0.4861111111111111
3 0.650390625 0.3159722222222222 0.12734375 0.14583333333333334
2 0.205859375 0.37986111111111115 0.10390625 0.1125
0 0.3484375 0.4131944444444445 0.065625 0.0763888888888889
0 0.453125 0.37430555555555556 0.0578125 0.05694444444444444
0 0.34140625 0.3548611111111111 0.045312500000000006 0.04861111111111111
0 0.34140625 0.31875000000000003 0.045312500000000006 0.04583333333333334
0 0.298828125 0.35833333333333334 0.04453125 0.05
0 0.298828125 0.32083333333333336 0.04453125 0.04722222222222222
3 0.042578125 0.3513888888888889 0.08515625 0.20555555555555557
3 0.346484375 0.29583333333333334 0.08671875000000001 0.11388888888888889
2 0.573828125 0.36736111111111114 0.09609375 0.10138888888888889
