1 0.19921875 0.2868055555555556 0.1703125 0.28750000000000003
2 0.5398437500000001 0.42708333333333337 0.1328125 0.1486111111111111
0 0.36757812500000003 0.41875 0.06328125 0.0763888888888889
0 0.18476562500000002 0.4798611111111111 0.06796875000000001 0.10972222222222222
0 0.36054687500000004 0.5770833333333334 0.11328125 0.17083333333333334
0 0.36054687500000004 0.4861111111111111 0.11484375000000001 0.1527777777777778
0 0.46484375 0.5604166666666667 0.12187500000000001 0.15972222222222224
0 0.466796875 0.47361111111111115 0.12421875 0.14444444444444446
3 0.76875 0.3736111111111111 0.215625 0.23333333333333334
3 0.29453125 0.6618055555555555 0.5890625 0.6763888888888889
2 0.051953125 0.4375 0.10390625 0.15833333333333333
