1 0.1 0.2951388888888889 0.19843750000000002 0.38472222222222224
3 0.0 0.64375 0.0 0.7125
2 0.53828125 0.3888888888888889 0.10312500000000001 0.11666666666666667
0 0.371875 0.4166666666666667 0.07968750000000001 0.07777777777777778
0 0.33906250000000004 0.5180555555555556 0.12187500000000001 0.13611111111111113
0 0.642578125 0.5361111111111111 0.13203125000000002 0.14722222222222223
0 0.646484375 0.4513888888888889 0.13359375 0.13333333333333333
0 0.666015625 0.4979166666666667 0.11640625 0.12361111111111112
0 0.669921875 0.42291666666666666 0.11796875000000001 0.1125
3 0.625 0.325 0.146875 0.16666666666666669
3 0.939453125 0.6402777777777778 0.12109375 0.7194444444444444
2 0.096875 0.5236111111111111 0.19375 0.23333333333333334
