1 0.22187500000000002 0.2881944444444445 0.15937500000000002 0.26805555555555555
2 0.526953125 0.43333333333333335 0.13359375 0.15
0 0.366015625 0.41875 0.055468750000000004 0.07361111111111111
0 0.172265625 0.46875 0.06015625 0.09861111111111112
0 0.30312500000000003 0.5652777777777778 0.0890625 0.15555555555555556
0 0.30234375 0.4791666666666667 0.0890625 0.14166666666666666
0 0.40742187500000004 0.55625 0.10078125 0.1486111111111111
0 0.408203125 0.4729166666666667 0.10234375000000001 0.1375
3 0.7765625 0.38819444444444445 0.2171875 0.24861111111111112
3 0.178125 0.6631944444444444 0.35625 0.6736111111111112
2 0.05625 0.4236111111111111 0.11093750000000001 0.14166666666666666
