1 0.6019531250000001 0.5569444444444445 0.27265625 0.525
3 0.716015625 0.10555555555555556 0.16953125000000002 0.2111111111111111
2 0.205078125 0.2923611111111111 0.11328125 0.19861111111111113
0 0.34765625 0.40069444444444446 0.0625 0.1375
0 0.46796875000000004 0.20416666666666666 0.0625 0.11944444444444445
0 0.351171875 0.07569444444444445 0.05078125 0.10694444444444445
0 0.350390625 0.04861111111111111 0.05234375 0.09722222222222222
0 0.30234375 0.09305555555555556 0.051562500000000004 0.10833333333333334
0 0.30078125 0.059722222222222225 0.053125000000000006 0.11111111111111112
3 0.047656250000000004 0.30694444444444446 0.09531250000000001 0.2833333333333333
3 0.36328125 0.0 0.115625 0.0
2 0.598046875 0.2451388888888889 0.11796875000000001 0.19305555555555556
