1 0.52265625 0.28055555555555556 0.16718750000000002 0.3
3 0.309375 0.2972222222222222 0.09062500000000001 0.11944444444444445
2 0.1921875 0.44583333333333336 0.140625 0.17222222222222222
0 0.34804687500000003 0.4166666666666667 0.06953125 0.06944444444444445
0 0.270703125 0.3715277777777778 0.055468750000000004 0.051388888888888894
0 0.11406250000000001 0.3909722222222222 0.0734375 0.059722222222222225
0 0.11210937500000001 0.34375 0.07421875 0.05694444444444444
0 0.086328125 0.40694444444444444 0.08359375000000001 0.06666666666666667
0 0.084375 0.35694444444444445 0.084375 0.0638888888888889
3 0.0890625 0.5861111111111111 0.178125 0.6361111111111112
3 0.03515625 0.3284722222222222 0.0703125 0.1736111111111111
2 0.34375 0.3402777777777778 0.0765625 0.08055555555555556
