1 0.1125 0.24375000000000002 0.225 0.48750000000000004
2 0.5578125 0.4479166666666667 0.13125 0.22083333333333335
0 0.37226562500000004 0.425 0.08046875 0.1527777777777778
0 0.265234375 0.7909722222222223 0.09765625 0.19583333333333333
0 0.494921875 0.9375 0.11484375000000001 0.125
0 0.503125 0.93125 0.1234375 0.1375
0 0.55859375 0.888888888888889 0.115625 0.20833333333333334
0 0.5703125 0.8770833333333333 0.1234375 0.22083333333333335
3 0.753515625 0.2659722222222222 0.23515625 0.2652777777777778
2 0.07968750000000001 0.7826388888888889 0.15937500000000002 0.26805555555555555
