1 0.26953125 0.27708333333333335 0.15000000000000002 0.25972222222222224
2 0.5066406250000001 0.4534722222222222 0.14765625000000002 0.1763888888888889
0 0.3609375 0.41875 0.0484375 0.0763888888888889
0 0.13671875 0.4465277777777778 0.08281250000000001 0.09027777777777778
0 0.14570312500000002 0.5555555555555556 0.12109375 0.1527777777777778
0 0.1421875 0.4673611111111111 0.1234375 0.14027777777777778
0 0.251171875 0.5659722222222222 0.10390625 0.15972222222222224
0 0.24921875000000002 0.47500000000000003 0.10625000000000001 0.14444444444444446
3 0.8425781250000001 0.44097222222222227 0.30703125000000003 0.3625
2 0.06796875000000001 0.39375 0.0859375 0.12361111111111112
