1 0.1265625 0.32222222222222224 0.21250000000000002 0.5638888888888889
3 0.8503906250000001 0.6444444444444445 0.29921875000000003 0.7111111111111111
2 0.455078125 0.36458333333333337 0.09609375 0.10138888888888889
0 0.370703125 0.41250000000000003 0.07265625 0.07222222222222223
0 0.5437500000000001 0.48680555555555555 0.115625 0.10694444444444445
0 0.6800781250000001 0.43472222222222223 0.10234375000000001 0.08055555555555556
0 0.683203125 0.37569444444444444 0.10390625 0.0763888888888889
0 0.641796875 0.4131944444444445 0.08984375 0.07083333333333333
0 0.644140625 0.3597222222222222 0.08984375 0.06666666666666667
3 0.44140625 0.30625 0.0890625 0.1375
3 0.9296875 0.3993055555555556 0.140625 0.2986111111111111
2 0.4703125 0.5708333333333333 0.22812500000000002 0.3055555555555556
