1 0.49843750000000003 0.1423611111111111 0.225 0.2847222222222222
3 0.16171875000000002 0.011111111111111112 0.13593750000000002 0.022222222222222223
2 0.253515625 0.71875 0.15390625000000002 0.2902777777777778
0 0.34882812500000004 0.4305555555555556 0.08359375000000001 0.13611111111111113
0 0.201953125 0.2326388888888889 0.07734375 0.11805555555555557
0 0.05 0.43333333333333335 0.0921875 0.13611111111111113
0 0.0421875 0.40347222222222223 0.084375 0.14305555555555557
0 0.053515625000000004 0.5381944444444444 0.09765625 0.14583333333333334
0 0.044921875 0.5118055555555556 0.08984375 0.1513888888888889
2 0.251953125 0.07569444444444445 0.10390625 0.1513888888888889
