1 0.6234375000000001 0.4902777777777778 0.25 0.5444444444444445
3 0.667578125 0.058333333333333334 0.16484375 0.11666666666666667
2 0.18359375 0.33125 0.1234375 0.20416666666666666
0 0.34609375000000003 0.40347222222222223 0.07187500000000001 0.14583333333333334
0 0.4421875 0.17500000000000002 0.0671875 0.12222222222222223
0 0.30859375 0.07291666666666667 0.0578125 0.1125
0 0.306640625 0.04791666666666667 0.06015625 0.09583333333333334
0 0.2609375 0.10208333333333333 0.059375000000000004 0.11527777777777778
0 0.257421875 0.06805555555555556 0.06171875 0.11666666666666667
3 0.03359375 0.40694444444444444 0.0671875 0.27222222222222225
3 0.294921875 0.0 0.11484375000000001 0.0
2 0.5730468750000001 0.1840277777777778 0.11171875 0.18472222222222223
