1 0.1 0.2777777777777778 0.2 0.5444444444444445
2 0.560546875 0.39861111111111114 0.12265625000000001 0.20833333333333334
0 0.37265625 0.4222222222222222 0.0859375 0.15555555555555556
0 0.30117187500000003 0.8305555555555556 0.10703125000000001 0.20277777777777778
0 0.55703125 0.925 0.125 0.15
0 0.569921875 0.9180555555555556 0.13359375 0.1638888888888889
0 0.60859375 0.8416666666666667 0.12187500000000001 0.20555555555555557
0 0.6238281250000001 0.8270833333333334 0.13046875 0.2152777777777778
3 0.7296875 0.1798611111111111 0.23125 0.29305555555555557
2 0.0921875 0.8743055555555556 0.184375 0.2513888888888889
