1 0.10625000000000001 0.25069444444444444 0.21250000000000002 0.5013888888888889
2 0.570703125 0.44027777777777777 0.13828125 0.23333333333333334
0 0.37226562500000004 0.425 0.08671875000000001 0.1638888888888889
0 0.26328125 0.826388888888889 0.1078125 0.2138888888888889
0 0.5171875 0.9541666666666667 0.12812500000000002 0.09166666666666667
0 0.52734375 0.9486111111111112 0.1375 0.10277777777777779
0 0.583203125 0.9020833333333333 0.12734375 0.19583333333333333
0 0.59765625 0.89375 0.1375 0.2125
3 0.7738281250000001 0.23958333333333334 0.25546875 0.28750000000000003
2 0.07421875 0.8291666666666667 0.1484375 0.2888888888888889
