1 0.386328125 0.8145833333333333 0.35234375 0.37083333333333335
3 0.8984375 0.7444444444444445 0.203125 0.45833333333333337
2 0.321875 0.15486111111111112 0.07500000000000001 0.1763888888888889
0 0.358984375 0.39305555555555555 0.07421875 0.1527777777777778
0 0.5789062500000001 0.4173611111111111 0.0765625 0.15416666666666667
0 0.5593750000000001 0.1638888888888889 0.065625 0.1277777777777778
0 0.566796875 0.1277777777777778 0.06796875000000001 0.13055555555555556
0 0.5078125 0.12222222222222223 0.0625 0.12222222222222223
0 0.51328125 0.08541666666666667 0.065625 0.12638888888888888
3 0.194140625 0.058333333333333334 0.12578125 0.11666666666666667
3 0.7054687500000001 0.07569444444444445 0.1875 0.1513888888888889
2 0.6824218750000001 0.6576388888888889 0.14140625 0.23750000000000002
