1 0.6214843750000001 0.4708333333333333 0.23515625 0.5333333333333333
3 0.6484375 0.04861111111111111 0.1609375 0.09722222222222222
2 0.18203125 0.34375 0.1234375 0.2013888888888889
0 0.345703125 0.4048611111111111 0.07265625 0.14305555555555557
0 0.433203125 0.17152777777777778 0.06640625 0.12083333333333333
0 0.29765625 0.07847222222222222 0.059375000000000004 0.10972222222222222
0 0.29531250000000003 0.050694444444444445 0.060937500000000006 0.10138888888888889
0 0.251171875 0.11111111111111112 0.06171875 0.11388888888888889
0 0.24726562500000002 0.0763888888888889 0.06328125 0.11666666666666667
3 0.0328125 0.4375 0.065625 0.2611111111111111
3 0.278125 0.0 0.11406250000000001 0.0
2 0.56171875 0.17291666666666666 0.1078125 0.17916666666666667
