1 0.315234375 0.09236111111111112 0.19765625 0.18472222222222223
3 0.0 0.16944444444444445 0.0 0.3388888888888889
2 0.43398437500000003 0.7368055555555556 0.10859375 0.24305555555555555
0 0.357421875 0.43472222222222223 0.07265625 0.15555555555555556
0 0.13203125000000002 0.44375000000000003 0.09062500000000001 0.15694444444444444
0 0.09062500000000001 0.8173611111111111 0.11406250000000001 0.2013888888888889
0 0.07500000000000001 0.8020833333333334 0.12187500000000001 0.2125
0 0.15625 0.8951388888888889 0.11093750000000001 0.20972222222222223
0 0.14375000000000002 0.8847222222222223 0.11875000000000001 0.225
3 0.7406250000000001 0.9027777777777778 0.359375 0.19444444444444445
2 0.090234375 0.23611111111111113 0.10703125000000001 0.18333333333333335
