1 0.16484375 0.16527777777777777 0.253125 0.33055555555555555
2 0.5437500000000001 0.59375 0.15625 0.27361111111111114
0 0.36796875 0.43194444444444446 0.06406250000000001 0.1527777777777778
0 0.16875 0.6798611111111111 0.0703125 0.17916666666666667
0 0.30585937500000004 0.9673611111111111 0.08359375000000001 0.06527777777777778
0 0.302734375 0.9631944444444445 0.08828125 0.07361111111111111
0 0.400390625 0.9548611111111112 0.08828125 0.09027777777777778
0 0.403125 0.9493055555555556 0.09375 0.10138888888888889
3 0.827734375 0.5631944444444444 0.28515625 0.38472222222222224
2 0.049218750000000006 0.5375 0.09843750000000001 0.2638888888888889
