1 0.17695312500000002 0.16458333333333333 0.23828125 0.32916666666666666
2 0.5328125 0.5888888888888889 0.146875 0.2611111111111111
0 0.366796875 0.4305555555555556 0.06015625 0.14444444444444446
0 0.17539062500000002 0.6611111111111111 0.06484375 0.16944444444444445
0 0.30195312500000004 0.9520833333333334 0.07734375 0.09583333333333334
0 0.298828125 0.9465277777777779 0.08203125 0.10694444444444445
0 0.39140625 0.9416666666666667 0.08125 0.11666666666666667
0 0.393359375 0.9354166666666667 0.08671875000000001 0.12916666666666668
3 0.80234375 0.5659722222222222 0.265625 0.37083333333333335
2 0.0546875 0.5229166666666667 0.109375 0.2513888888888889
