1 0.098046875 0.4979166666666667 0.19609375 0.5402777777777777
2 0.50625 0.26805555555555555 0.1125 0.17777777777777778
0 0.37109375 0.40972222222222227 0.07187500000000001 0.10833333333333334
0 0.44296875 0.7708333333333334 0.08750000000000001 0.13333333333333333
0 0.64375 0.6645833333333333 0.09375 0.12638888888888888
0 0.658203125 0.64375 0.09921875000000001 0.13194444444444445
0 0.6453125000000001 0.5506944444444445 0.0890625 0.11805555555555557
0 0.6585937500000001 0.5256944444444445 0.09375 0.12361111111111112
3 0.558203125 0.08125 0.15546875000000002 0.1625
3 0.8855468750000001 0.8423611111111111 0.22890625 0.31527777777777777
2 0.30117187500000003 0.9326388888888889 0.14609375 0.13472222222222222
