1 0.540625 0.18055555555555555 0.21250000000000002 0.3611111111111111
3 0.276953125 0.0034722222222222225 0.11953125 0.006944444444444445
2 0.21875 0.6291666666666667 0.134375 0.2388888888888889
0 0.347265625 0.425 0.06796875000000001 0.1
0 0.25625000000000003 0.19652777777777777 0.059375000000000004 0.08750000000000001
0 0.10312500000000001 0.3138888888888889 0.07500000000000001 0.09444444444444444
0 0.09296875 0.28402777777777777 0.078125 0.09861111111111112
0 0.08984375 0.4013888888888889 0.07968750000000001 0.1
0 0.07890625000000001 0.3729166666666667 0.084375 0.10416666666666667
3 0.131640625 0.9347222222222222 0.26328125 0.13055555555555556
3 0.019140625 0.18472222222222223 0.03828125 0.3138888888888889
2 0.327734375 0.07083333333333333 0.09140625000000001 0.14166666666666666
