1 0.2765625 0.10277777777777779 0.2078125 0.20555555555555557
2 0.47187500000000004 0.7256944444444444 0.134375 0.27083333333333337
0 0.35976562500000003 0.4354166666666667 0.06640625 0.15694444444444444
0 0.123046875 0.5027777777777778 0.09140625000000001 0.1638888888888889
0 0.118359375 0.9027777777777778 0.11171875 0.19444444444444445
0 0.10312500000000001 0.89375 0.1203125 0.2125
0 0.19843750000000002 0.9319444444444445 0.1046875 0.13611111111111113
0 0.187890625 0.925 0.11328125 0.15
3 0.8074218750000001 0.8548611111111112 0.38046875 0.2902777777777778
2 0.055859375 0.29375 0.10703125000000001 0.20972222222222223
