1 0.6019531250000001 0.22847222222222224 0.21796875000000002 0.4569444444444445
2 0.178515625 0.5416666666666667 0.11640625 0.2
0 0.34414062500000003 0.41875 0.07578125000000001 0.11527777777777778
0 0.31093750000000003 0.15555555555555556 0.065625 0.09722222222222222
0 0.15000000000000002 0.19722222222222224 0.0765625 0.1
0 0.1421875 0.16458333333333333 0.07968750000000001 0.10416666666666667
0 0.1203125 0.27083333333333337 0.08125 0.10555555555555556
0 0.11093750000000001 0.23819444444444446 0.0859375 0.10972222222222222
3 0.067578125 0.8534722222222223 0.13515625 0.29305555555555557
3 0.061328125000000004 0.07777777777777778 0.12265625000000001 0.15555555555555556
2 0.412109375 0.06458333333333334 0.08671875000000001 0.12916666666666668
