1 0.441015625 0.33958333333333335 0.30546875 0.5236111111111111
3 0.8929687500000001 0.40208333333333335 0.21406250000000002 0.2791666666666667
2 0.312109375 0.3611111111111111 0.057031250000000006 0.08888888888888889
0 0.35664062500000004 0.41111111111111115 0.06015625 0.07222222222222223
0 0.5476562500000001 0.4076388888888889 0.0484375 0.07083333333333333
0 0.49921875000000004 0.3680555555555556 0.040625 0.05277777777777778
0 0.5 0.33055555555555555 0.040625 0.05
0 0.45546875000000003 0.36388888888888893 0.040625 0.05
0 0.455859375 0.3263888888888889 0.041406250000000006 0.04722222222222222
3 0.20664062500000002 0.31736111111111115 0.08828125 0.14027777777777778
3 0.580078125 0.3125 0.11328125 0.13333333333333333
2 0.6765625000000001 0.43194444444444446 0.140625 0.14444444444444446
