1 0.6273437500000001 0.2986111111111111 0.1625 0.48333333333333334
3 0.59765625 0.30347222222222225 0.12187500000000001 0.1375
2 0.1765625 0.3861111111111111 0.1203125 0.125
0 0.345703125 0.4138888888888889 0.07734375 0.08333333333333334
0 0.42617187500000003 0.3680555555555556 0.06171875 0.058333333333333334
0 0.30000000000000004 0.35347222222222224 0.051562500000000004 0.051388888888888894
0 0.30000000000000004 0.3159722222222222 0.051562500000000004 0.04861111111111111
0 0.257421875 0.3590277777777778 0.05234375 0.05416666666666667
0 0.25625000000000003 0.3194444444444445 0.053125000000000006 0.05
3 0.017578125 0.36319444444444443 0.03515625 0.24305555555555555
3 0.28945312500000003 0.2923611111111111 0.08828125 0.11805555555555557
2 0.54453125 0.35555555555555557 0.08750000000000001 0.09722222222222222
