1 0.57734375 0.28402777777777777 0.17343750000000002 0.3402777777777778
3 0.4 0.29583333333333334 0.09531250000000001 0.11944444444444445
2 0.15585937500000002 0.42430555555555555 0.12734375 0.1486111111111111
0 0.34453125 0.41597222222222224 0.078125 0.0763888888888889
0 0.319921875 0.3666666666666667 0.05859375 0.05277777777777778
0 0.1703125 0.37222222222222223 0.0671875 0.05555555555555556
0 0.16875 0.33055555555555555 0.0671875 0.05277777777777778
0 0.134375 0.38472222222222224 0.07500000000000001 0.061111111111111116
0 0.1328125 0.3388888888888889 0.07500000000000001 0.058333333333333334
3 0.012890625000000001 0.49375 0.025781250000000002 0.4763888888888889
3 0.09648437500000001 0.3104166666666667 0.12109375 0.14583333333333334
2 0.41015625 0.3402777777777778 0.0734375 0.08055555555555556
