1 0.13398437500000002 0.29305555555555557 0.18984375 0.3388888888888889
2 0.54140625 0.40208333333333335 0.1015625 0.12638888888888888
0 0.369921875 0.4166666666666667 0.07734375 0.07777777777777778
0 0.270703125 0.5076388888888889 0.10859375 0.12916666666666668
0 0.555859375 0.5597222222222222 0.14296875 0.16111111111111112
0 0.55859375 0.4708333333333333 0.1453125 0.14722222222222223
0 0.612890625 0.5256944444444445 0.13203125000000002 0.14027777777777778
0 0.6160156250000001 0.4451388888888889 0.13359375 0.12638888888888888
3 0.676953125 0.33819444444444446 0.16796875 0.17916666666666667
3 0.821875 0.6541666666666667 0.35625 0.6916666666666667
2 0.07109375 0.48958333333333337 0.1421875 0.20416666666666666
