1 0.20546875 0.14375000000000002 0.22812500000000002 0.28750000000000003
2 0.51875 0.6340277777777779 0.146875 0.26805555555555555
0 0.36562500000000003 0.4326388888888889 0.051562500000000004 0.1375
0 0.15390625000000002 0.6145833333333334 0.06875 0.15694444444444444
0 0.24179687500000002 0.9472222222222223 0.06953125 0.10555555555555556
0 0.234375 0.9409722222222222 0.07500000000000001 0.11805555555555557
0 0.33242187500000003 0.9486111111111112 0.06640625 0.10277777777777779
0 0.330859375 0.9430555555555556 0.06953125 0.11388888888888889
3 0.8093750000000001 0.68125 0.296875 0.41805555555555557
2 0.051953125 0.44930555555555557 0.10390625 0.24027777777777778
