1 0.13046875 0.19097222222222224 0.2609375 0.3819444444444445
2 0.5632812500000001 0.5465277777777778 0.15781250000000002 0.27083333333333337
0 0.36953125000000003 0.42986111111111114 0.07500000000000001 0.1625
0 0.189453125 0.7444444444444445 0.08671875000000001 0.2
0 0.378515625 0.9798611111111112 0.10390625 0.04027777777777778
0 0.38007812500000004 0.9756944444444445 0.11171875 0.04861111111111111
0 0.46992187500000004 0.951388888888889 0.11015625000000001 0.09722222222222222
0 0.47734375 0.9458333333333334 0.11875000000000001 0.10833333333333334
3 0.8363281250000001 0.4430555555555556 0.28203125 0.3472222222222222
2 0.05 0.6381944444444445 0.1 0.28750000000000003
