1 0.32070312500000003 0.09583333333333334 0.18828125 0.19166666666666668
3 0.0054687500000000005 0.1701388888888889 0.010937500000000001 0.3263888888888889
2 0.42617187500000003 0.7236111111111111 0.09921875000000001 0.22777777777777777
0 0.357421875 0.4354166666666667 0.06953125 0.1486111111111111
0 0.14296875 0.4388888888888889 0.0859375 0.15
0 0.10312500000000001 0.7895833333333334 0.10625000000000001 0.1902777777777778
0 0.08867187500000001 0.7743055555555556 0.11328125 0.19861111111111113
0 0.16367187500000002 0.8645833333333334 0.10390625 0.19861111111111113
0 0.153125 0.8527777777777779 0.11093750000000001 0.20833333333333334
3 0.706640625 0.8965277777777778 0.32421875 0.20694444444444446
2 0.10390625 0.23958333333333334 0.1015625 0.1736111111111111
