1 0.5457031250000001 0.33055555555555555 0.31640625 0.5694444444444444
3 0.8191406250000001 0.35208333333333336 0.18515625000000002 0.20972222222222223
2 0.265625 0.36458333333333337 0.07500000000000001 0.09861111111111112
0 0.351171875 0.41111111111111115 0.04609375 0.07222222222222223
0 0.521875 0.38958333333333334 0.051562500000000004 0.0625
0 0.4390625 0.3576388888888889 0.034375 0.04861111111111111
0 0.439453125 0.32083333333333336 0.03515625 0.04722222222222222
0 0.39375000000000004 0.35625 0.03125 0.04861111111111111
0 0.394140625 0.3201388888888889 0.032031250000000004 0.04583333333333334
3 0.11601562500000001 0.32430555555555557 0.12421875 0.1625
3 0.48554687500000004 0.30069444444444443 0.10078125 0.12361111111111112
2 0.6585937500000001 0.4 0.1328125 0.13055555555555556
