1 0.23515625 0.2743055555555556 0.16562500000000002 0.28194444444444444
2 0.5375 0.4451388888888889 0.15781250000000002 0.17916666666666667
0 0.366015625 0.41944444444444445 0.05390625 0.08055555555555556
0 0.132421875 0.4638888888888889 0.08203125 0.10555555555555556
0 0.207421875 0.5868055555555556 0.10546875 0.18194444444444446
0 0.205078125 0.4861111111111111 0.10859375 0.1638888888888889
0 0.342578125 0.5861111111111111 0.09453125000000001 0.18055555555555555
0 0.34218750000000003 0.4861111111111111 0.09531250000000001 0.1638888888888889
3 0.8597656250000001 0.40972222222222227 0.28046875 0.32222222222222224
3 0.036328125 0.6430555555555556 0.07265625 0.7138888888888889
2 0.043359375000000006 0.40972222222222227 0.08671875000000001 0.14444444444444446
