1 0.122265625 0.30208333333333337 0.18359375 0.34861111111111115
3 0.0 0.6506944444444445 0.0 0.6986111111111112
2 0.532421875 0.39305555555555555 0.09453125000000001 0.11388888888888889
0 0.37031250000000004 0.4166666666666667 0.07500000000000001 0.075
0 0.3203125 0.5076388888888889 0.11093750000000001 0.12361111111111112
0 0.599609375 0.5333333333333333 0.12578125 0.1388888888888889
0 0.602734375 0.4534722222222222 0.12734375 0.12638888888888888
0 0.632421875 0.5 0.11328125 0.11944444444444445
0 0.6355468750000001 0.42847222222222225 0.11484375000000001 0.10972222222222222
3 0.62890625 0.33194444444444443 0.1453125 0.1638888888888889
3 0.8812500000000001 0.6513888888888889 0.23750000000000002 0.6972222222222223
2 0.094140625 0.5048611111111111 0.18828125 0.20694444444444446
