1 0.6160156250000001 0.58125 0.30234375 0.5569444444444445
3 0.745703125 0.11180555555555556 0.18515625000000002 0.22361111111111112
2 0.201953125 0.2777777777777778 0.11796875000000001 0.20833333333333334
0 0.3484375 0.4 0.06406250000000001 0.14444444444444446
0 0.480078125 0.20208333333333334 0.06484375 0.12361111111111112
0 0.36054687500000004 0.06180555555555556 0.05234375 0.10972222222222222
0 0.36054687500000004 0.04166666666666667 0.05390625 0.08333333333333334
0 0.309375 0.07777777777777778 0.051562500000000004 0.11111111111111112
0 0.30781250000000004 0.05 0.053125000000000006 0.1
3 0.044140625 0.28125 0.08828125 0.3013888888888889
3 0.37890625 0.0 0.12187500000000001 0.0
2 0.61640625 0.2520833333333333 0.1265625 0.20416666666666666
