1 0.637890625 0.28055555555555556 0.18046875 0.4222222222222222
3 0.49726562500000004 0.29375 0.10859375 0.12916666666666668
2 0.14375000000000002 0.40347222222222223 0.140625 0.14027777777777778
0 0.34375 0.4152777777777778 0.0859375 0.08333333333333334
0 0.37226562500000004 0.36319444444444443 0.06328125 0.05694444444444444
0 0.228515625 0.3590277777777778 0.06171875 0.05416666666666667
0 0.22734375 0.31736111111111115 0.0625 0.051388888888888894
0 0.1859375 0.36736111111111114 0.065625 0.059722222222222225
0 0.18476562500000002 0.3236111111111111 0.06640625 0.05555555555555556
3 0.0 0.4173611111111111 0.0 0.3625
3 0.19062500000000002 0.2951388888888889 0.09843750000000001 0.13194444444444445
2 0.48164062500000004 0.3423611111111111 0.07421875 0.08750000000000001
