1 0.091015625 0.3576388888888889 0.18203125 0.5291666666666667
2 0.548828125 0.34097222222222223 0.11640625 0.1736111111111111
0 0.37265625 0.4166666666666667 0.084375 0.14166666666666666
0 0.358984375 0.8298611111111112 0.10546875 0.18472222222222223
0 0.607421875 0.8590277777777778 0.11640625 0.1875
0 0.6218750000000001 0.8451388888888889 0.1234375 0.19861111111111113
0 0.63828125 0.7333333333333334 0.11093750000000001 0.17500000000000002
0 0.654296875 0.7138888888888889 0.11796875000000001 0.18333333333333335
3 0.6687500000000001 0.125 0.203125 0.25
2 0.156640625 0.9222222222222223 0.16953125000000002 0.15555555555555556
