1 0.4421875 0.26805555555555555 0.1625 0.28055555555555556
3 0.16523437500000002 0.3 0.09921875000000001 0.13611111111111113
2 0.266796875 0.4777777777777778 0.17734375000000002 0.21944444444444444
0 0.35078125000000004 0.41944444444444445 0.0859375 0.08333333333333334
0 0.19492187500000002 0.3854166666666667 0.07109375 0.06527777777777778
0 0.035546875 0.43333333333333335 0.07109375 0.09166666666666667
0 0.033984375000000004 0.3715277777777778 0.06796875000000001 0.08472222222222223
0 0.035546875 0.45972222222222225 0.07109375 0.10555555555555556
0 0.033984375000000004 0.3909722222222222 0.06796875000000001 0.09861111111111112
3 0.36484375 0.6277777777777778 0.47968750000000004 0.7444444444444445
2 0.240625 0.34375 0.08750000000000001 0.09027777777777778
