1 0.23984375000000002 0.12222222222222223 0.215625 0.24444444444444446
2 0.496875 0.6805555555555556 0.1421875 0.27222222222222225
0 0.36171875000000003 0.4340277777777778 0.0546875 0.14305555555555557
0 0.13593750000000002 0.5569444444444445 0.08125 0.15555555555555556
0 0.17695312500000002 0.9277777777777778 0.09296875 0.14444444444444446
0 0.16562500000000002 0.9208333333333334 0.1 0.15833333333333333
0 0.2625 0.9444444444444445 0.08281250000000001 0.11111111111111112
0 0.256640625 0.9381944444444444 0.08828125 0.12361111111111112
3 0.81171875 0.7923611111111112 0.33906250000000004 0.4152777777777778
2 0.051562500000000004 0.3680555555555556 0.10312500000000001 0.225
