1 0.23789062500000002 0.33333333333333337 0.34296875000000004 0.65
3 0.950390625 0.5701388888888889 0.09921875000000001 0.6097222222222223
2 0.382421875 0.35694444444444445 0.07890625000000001 0.09722222222222222
0 0.36484375 0.4118055555555556 0.078125 0.0763888888888889
0 0.5875 0.4444444444444445 0.09062500000000001 0.09444444444444444
0 0.6039062500000001 0.3902777777777778 0.06875 0.06666666666666667
0 0.6058593750000001 0.34375 0.06953125 0.0625
0 0.55703125 0.3784722222222222 0.06406250000000001 0.059722222222222225
0 0.55859375 0.3354166666666667 0.06406250000000001 0.05694444444444444
3 0.31796875 0.30347222222222225 0.06406250000000001 0.13194444444444445
3 0.7671875 0.33194444444444443 0.16718750000000002 0.18055555555555555
2 0.6765625000000001 0.5083333333333333 0.1546875 0.2388888888888889
