1 0.24179687500000002 0.763888888888889 0.35078125000000004 0.47222222222222227
3 0.8757812500000001 0.9527777777777778 0.2484375 0.09444444444444444
2 0.38398437500000004 0.15763888888888888 0.09296875 0.19305555555555556
0 0.36484375 0.3944444444444445 0.08125 0.14444444444444446
0 0.575390625 0.5381944444444444 0.09453125000000001 0.15972222222222224
0 0.6195312500000001 0.27847222222222223 0.08281250000000001 0.13194444444444445
0 0.630078125 0.2451388888888889 0.08671875000000001 0.1375
0 0.575390625 0.2111111111111111 0.07734375 0.125
0 0.583984375 0.17708333333333334 0.08203125 0.12916666666666668
3 0.30195312500000004 0.03194444444444445 0.08515625 0.0638888888888889
3 0.821875 0.17916666666666667 0.2109375 0.3055555555555556
2 0.6140625000000001 0.8368055555555556 0.14375000000000002 0.29583333333333334
