1 0.439453125 0.11736111111111111 0.21484375 0.23472222222222222
3 0.069140625 0.04097222222222222 0.13828125 0.08194444444444444
2 0.30898437500000003 0.7534722222222222 0.14296875 0.29305555555555557
0 0.3515625 0.4340277777777778 0.0859375 0.1513888888888889
0 0.16757812500000002 0.2916666666666667 0.08671875000000001 0.13611111111111113
0 0.04609375 0.5604166666666667 0.0921875 0.16527777777777777
0 0.039843750000000004 0.5340277777777778 0.07968750000000001 0.1736111111111111
0 0.06171875 0.6680555555555556 0.1125 0.17777777777777778
0 0.052734375 0.6465277777777778 0.10546875 0.1875
2 0.19062500000000002 0.09791666666666667 0.109375 0.1902777777777778
