1 0.6531250000000001 0.3284722222222222 0.2109375 0.5291666666666667
3 0.536328125 0.0 0.15078125 0.0
2 0.154296875 0.44097222222222227 0.13515625 0.19305555555555556
0 0.343359375 0.4118055555555556 0.08359375000000001 0.14583333333333334
0 0.37343750000000003 0.13611111111111113 0.0703125 0.11666666666666667
0 0.21250000000000002 0.10555555555555556 0.0734375 0.11388888888888889
0 0.20703125 0.06944444444444445 0.0765625 0.11944444444444445
0 0.1703125 0.16111111111111112 0.078125 0.11944444444444445
0 0.162890625 0.125 0.08046875 0.125
3 0.0203125 0.6979166666666667 0.040625 0.3763888888888889
3 0.14609375 0.0076388888888888895 0.1453125 0.015277777777777779
2 0.49648437500000003 0.07916666666666666 0.08984375 0.15555555555555556
