1 0.24609375 0.12569444444444444 0.20468750000000002 0.2513888888888889
2 0.4890625 0.6659722222222223 0.1328125 0.25416666666666665
0 0.36171875000000003 0.43333333333333335 0.051562500000000004 0.13611111111111113
0 0.1484375 0.5513888888888889 0.07500000000000001 0.14722222222222223
0 0.18984375 0.9145833333333334 0.084375 0.17083333333333334
0 0.18046875 0.9076388888888889 0.09062500000000001 0.18472222222222223
0 0.26992187500000003 0.9298611111111111 0.07578125000000001 0.14027777777777778
0 0.26484375 0.9236111111111112 0.08125 0.1527777777777778
3 0.7796875000000001 0.7875 0.30781250000000004 0.425
2 0.06406250000000001 0.3715277777777778 0.1046875 0.2125
