1 0.5964843750000001 0.6083333333333334 0.30234375 0.5305555555555556
3 0.759375 0.1388888888888889 0.1875 0.2777777777777778
2 0.215234375 0.26319444444444445 0.11015625000000001 0.2013888888888889
0 0.34921875 0.39861111111111114 0.0578125 0.13611111111111113
0 0.48945312500000004 0.22013888888888888 0.06171875 0.12083333333333333
0 0.38046875 0.06944444444444445 0.0484375 0.10555555555555556
0 0.38125000000000003 0.04513888888888889 0.05 0.09027777777777778
0 0.3296875 0.07986111111111112 0.046875 0.10694444444444445
0 0.32890625 0.050694444444444445 0.0484375 0.10138888888888889
3 0.05390625 0.2423611111111111 0.1078125 0.2986111111111111
3 0.4109375 0.0 0.12187500000000001 0.0
2 0.622265625 0.28611111111111115 0.12734375 0.20555555555555557
