1 0.46484375 0.7895833333333334 0.33437500000000003 0.38472222222222224
3 0.888671875 0.5659722222222222 0.22265625 0.4152777777777778
2 0.29726562500000003 0.17222222222222222 0.07109375 0.17500000000000002
0 0.35664062500000004 0.39375 0.06484375 0.14583333333333334
0 0.562890625 0.36388888888888893 0.06328125 0.14166666666666666
0 0.519140625 0.12986111111111112 0.05390625 0.11805555555555557
0 0.525 0.0951388888888889 0.05625 0.12083333333333333
0 0.46718750000000003 0.10138888888888889 0.053125000000000006 0.11388888888888889
0 0.47109375000000003 0.06597222222222222 0.0546875 0.11805555555555557
3 0.147265625 0.08263888888888889 0.14453125 0.16527777777777777
3 0.6359375 0.04722222222222222 0.16875 0.09444444444444444
2 0.6800781250000001 0.5604166666666667 0.14296875 0.22361111111111112
