1 0.6238281250000001 0.37430555555555556 0.18671875000000002 0.5041666666666667
3 0.5625 0.019444444444444445 0.146875 0.03888888888888889
2 0.17109375000000002 0.41111111111111115 0.125 0.18888888888888888
0 0.3453125 0.40972222222222227 0.078125 0.1388888888888889
0 0.39179687500000004 0.15625 0.06640625 0.11527777777777778
0 0.24335937500000002 0.1076388888888889 0.06640625 0.10972222222222222
0 0.2390625 0.07430555555555556 0.06875 0.1125
0 0.201171875 0.15416666666666667 0.06953125 0.11388888888888889
0 0.19609375 0.12152777777777778 0.07187500000000001 0.11805555555555557
3 0.028515625000000003 0.6013888888888889 0.057031250000000006 0.31666666666666665
3 0.19453125000000002 0.005555555555555556 0.125 0.011111111111111112
2 0.5109375 0.11736111111111111 0.09062500000000001 0.15694444444444444
