1 0.5765625 0.20347222222222222 0.22187500000000002 0.40694444444444444
3 0.33906250000000004 0.0 0.1234375 0.0
2 0.19296875000000002 0.5916666666666667 0.1296875 0.225
0 0.34453125 0.4215277777777778 0.0703125 0.10138888888888889
0 0.280859375 0.1701388888888889 0.06328125 0.08750000000000001
0 0.1203125 0.25 0.078125 0.09166666666666667
0 0.11093750000000001 0.21736111111111112 0.08125 0.09583333333333334
0 0.098046875 0.33125 0.08359375000000001 0.09583333333333334
0 0.08750000000000001 0.3013888888888889 0.08750000000000001 0.1
3 0.09648437500000001 0.9027777777777778 0.19296875000000002 0.19444444444444445
3 0.037109375 0.11944444444444445 0.07421875 0.2388888888888889
2 0.369921875 0.06458333333333334 0.08984375 0.12916666666666668
