1 0.50703125 0.15416666666666667 0.215625 0.30833333333333335
3 0.19921875 0.011805555555555555 0.1265625 0.02361111111111111
2 0.246875 0.6833333333333333 0.14375000000000002 0.26666666666666666
0 0.34882812500000004 0.4277777777777778 0.07734375 0.12222222222222223
0 0.22109375 0.22430555555555556 0.0703125 0.10694444444444445
0 0.0734375 0.3965277777777778 0.08125 0.12083333333333333
0 0.061328125000000004 0.3666666666666667 0.08515625 0.125
0 0.072265625 0.4930555555555556 0.08671875000000001 0.1277777777777778
0 0.059375000000000004 0.4666666666666667 0.09062500000000001 0.13333333333333333
3 0.21992187500000002 0.9868055555555556 0.25859375 0.02638888888888889
3 0.0 0.3111111111111111 0.0 0.34444444444444444
2 0.276171875 0.0763888888888889 0.09765625 0.1527777777777778
