1 0.32109375 0.2652777777777778 0.1484375 0.25833333333333336
3 0.000390625 0.33194444444444443 0.00078125 0.19166666666666668
2 0.45859375 0.4729166666666667 0.1390625 0.20416666666666666
0 0.357421875 0.42083333333333334 0.07109375 0.08611111111111111
0 0.12382812500000001 0.425 0.09296875 0.08888888888888889
0 0.049218750000000006 0.5291666666666667 0.09843750000000001 0.1527777777777778
0 0.047265625000000006 0.4416666666666667 0.09453125000000001 0.1388888888888889
0 0.09531250000000001 0.5569444444444445 0.15781250000000002 0.17222222222222222
0 0.091015625 0.4618055555555556 0.16015625 0.15416666666666667
3 0.83125 0.5465277777777778 0.3375 0.5958333333333333
2 0.10507812500000001 0.36944444444444446 0.09765625 0.10833333333333334
