1 0.113671875 0.5645833333333333 0.22734375 0.5597222222222222
2 0.48671875000000003 0.23750000000000002 0.1125 0.18611111111111112
0 0.37109375 0.40625 0.0671875 0.09305555555555556
0 0.48085937500000003 0.7388888888888889 0.08828125 0.10833333333333334
0 0.6546875000000001 0.5826388888888889 0.096875 0.10138888888888889
0 0.669140625 0.5590277777777778 0.10234375000000001 0.10694444444444445
0 0.64453125 0.47361111111111115 0.09062500000000001 0.09722222222222222
0 0.6570312500000001 0.4465277777777778 0.09531250000000001 0.10138888888888889
3 0.5109375 0.0638888888888889 0.1390625 0.1277777777777778
3 0.8984375 0.7402777777777778 0.203125 0.4361111111111111
2 0.370703125 0.9298611111111111 0.15859375 0.14027777777777778
