1 0.36015625 0.09861111111111112 0.2 0.19722222222222224
3 0.019921875000000002 0.11388888888888889 0.039843750000000004 0.22777777777777777
2 0.38398437500000004 0.7513888888888889 0.11015625000000001 0.25833333333333336
0 0.355078125 0.4361111111111111 0.07890625000000001 0.15555555555555556
0 0.143359375 0.38333333333333336 0.08984375 0.15
0 0.064453125 0.7180555555555556 0.11328125 0.18888888888888888
0 0.0546875 0.6993055555555556 0.109375 0.19861111111111113
0 0.113671875 0.8125 0.11484375000000001 0.2
0 0.1 0.7972222222222223 0.12187500000000001 0.2111111111111111
3 0.6531250000000001 0.9604166666666667 0.321875 0.07916666666666666
2 0.12812500000000002 0.17847222222222223 0.1078125 0.18472222222222223
