1 0.087109375 0.42847222222222225 0.17421875 0.5291666666666667
2 0.52890625 0.3013888888888889 0.115625 0.16944444444444445
0 0.37226562500000004 0.4131944444444445 0.07890625000000001 0.12638888888888888
0 0.404296875 0.80625 0.09609375 0.15972222222222224
0 0.630859375 0.7604166666666667 0.10234375000000001 0.15694444444444444
0 0.645703125 0.7430555555555556 0.10859375 0.1638888888888889
0 0.64609375 0.638888888888889 0.096875 0.14444444444444446
0 0.6605468750000001 0.6166666666666667 0.10234375000000001 0.1527777777777778
3 0.61328125 0.10069444444444445 0.178125 0.2013888888888889
3 0.8714843750000001 0.9465277777777779 0.25703125 0.10694444444444445
2 0.228515625 0.9354166666666667 0.14453125 0.12916666666666668
