1 0.513671875 0.7416666666666667 0.32421875 0.4361111111111111
3 0.8734375000000001 0.41805555555555557 0.253125 0.36944444444444446
2 0.2734375 0.19444444444444445 0.08281250000000001 0.18333333333333335
0 0.35390625000000003 0.39375 0.0546875 0.13472222222222222
0 0.542578125 0.31666666666666665 0.049218750000000006 0.1277777777777778
0 0.47890625000000003 0.1076388888888889 0.043750000000000004 0.10694444444444445
0 0.483203125 0.07361111111111111 0.04453125 0.11111111111111112
0 0.427734375 0.09027777777777778 0.04296875 0.10555555555555556
0 0.43007812500000003 0.05555555555555556 0.04453125 0.10833333333333334
3 0.10625000000000001 0.11041666666666668 0.1609375 0.22083333333333335
3 0.5691406250000001 0.02638888888888889 0.15078125 0.05277777777777778
2 0.6664062500000001 0.47222222222222227 0.1390625 0.21944444444444444
