1 0.29531250000000003 0.3354166666666667 0.34375 0.6263888888888889
3 0.9402343750000001 0.4930555555555556 0.11953125 0.4638888888888889
2 0.357421875 0.35694444444444445 0.07265625 0.09444444444444444
0 0.36171875000000003 0.4118055555555556 0.07500000000000001 0.0763888888888889
0 0.58125 0.43125 0.0765625 0.08750000000000001
0 0.570703125 0.3805555555555556 0.05859375 0.061111111111111116
0 0.572265625 0.3375 0.05859375 0.058333333333333334
0 0.5242187500000001 0.3715277777777778 0.05625 0.05694444444444444
0 0.525 0.33055555555555555 0.05625 0.05277777777777778
3 0.28203125 0.30625 0.0671875 0.13472222222222222
3 0.7015625000000001 0.3229166666666667 0.1453125 0.1625
2 0.700390625 0.4798611111111111 0.15703125 0.20416666666666666
