1 0.350390625 0.2611111111111111 0.15078125 0.26666666666666666
3 0.028125 0.31736111111111115 0.05625 0.1736111111111111
2 0.40468750000000003 0.4826388888888889 0.1328125 0.22361111111111112
0 0.35546875 0.4201388888888889 0.08125 0.09027777777777778
0 0.13046875 0.4118055555555556 0.0921875 0.08472222222222223
0 0.030078125 0.5041666666666667 0.06015625 0.14166666666666666
0 0.028125 0.4201388888888889 0.05625 0.12916666666666668
0 0.057031250000000006 0.5368055555555555 0.11406250000000001 0.16527777777777777
0 0.055468750000000004 0.44375000000000003 0.11093750000000001 0.1486111111111111
3 0.801953125 0.6201388888888889 0.39609375 0.7597222222222223
2 0.13515625 0.35833333333333334 0.09843750000000001 0.10277777777777779
