1 0.1078125 0.2451388888888889 0.215625 0.4902777777777778
2 0.5703125 0.4479166666666667 0.140625 0.23750000000000002
0 0.37148437500000003 0.425 0.08671875000000001 0.1638888888888889
0 0.25546875 0.8208333333333334 0.10625000000000001 0.2138888888888889
0 0.505859375 0.9569444444444445 0.12734375 0.08611111111111111
0 0.516015625 0.951388888888889 0.13671875 0.09722222222222222
0 0.574609375 0.9069444444444444 0.12734375 0.18611111111111112
0 0.5886718750000001 0.8979166666666667 0.13671875 0.20416666666666666
3 0.779296875 0.25416666666666665 0.25703125 0.2833333333333333
2 0.070703125 0.8125 0.14140625 0.2916666666666667
