1 0.5554687500000001 0.27847222222222223 0.1765625 0.32916666666666666
3 0.353515625 0.29444444444444445 0.09453125000000001 0.12222222222222223
2 0.16484375 0.43680555555555556 0.1328125 0.16805555555555557
0 0.34453125 0.41597222222222224 0.07500000000000001 0.07361111111111111
0 0.292578125 0.3680555555555556 0.05859375 0.05277777777777778
0 0.134765625 0.3805555555555556 0.07265625 0.058333333333333334
0 0.1328125 0.33472222222222225 0.0734375 0.05555555555555556
0 0.10117187500000001 0.39513888888888893 0.08203125 0.06527777777777778
0 0.09921875000000001 0.3451388888888889 0.08281250000000001 0.0625
3 0.037890625000000004 0.5555555555555556 0.07578125000000001 0.6055555555555556
3 0.05390625 0.31666666666666665 0.1078125 0.16111111111111112
2 0.3765625 0.33819444444444446 0.0765625 0.08194444444444444
