1 0.17421875 0.27847222222222223 0.1875 0.3180555555555556
2 0.56015625 0.4236111111111111 0.1390625 0.15833333333333333
0 0.37031250000000004 0.41944444444444445 0.07187500000000001 0.08333333333333334
0 0.182421875 0.49583333333333335 0.08359375000000001 0.1277777777777778
0 0.41328125000000004 0.6041666666666667 0.1453125 0.20277777777777778
0 0.41445312500000003 0.49930555555555556 0.14765625000000002 0.18194444444444446
0 0.523828125 0.5777777777777778 0.15078125 0.18333333333333335
0 0.5265625 0.4791666666666667 0.153125 0.1638888888888889
3 0.786328125 0.3611111111111111 0.23046875 0.23611111111111113
3 0.5 0.6493055555555556 1.0 0.701388888888889
2 0.041406250000000006 0.4513888888888889 0.08281250000000001 0.18611111111111112
