1 0.11796875000000001 0.21944444444444444 0.23593750000000002 0.4388888888888889
2 0.5691406250000001 0.49375 0.14921875 0.25416666666666665
0 0.370703125 0.42708333333333337 0.08203125 0.16527777777777777
0 0.22382812500000002 0.7895833333333334 0.09921875000000001 0.20972222222222223
0 0.44960937500000003 0.9708333333333333 0.11796875000000001 0.058333333333333334
0 0.45625000000000004 0.9659722222222222 0.1265625 0.06805555555555556
0 0.5296875 0.9291666666666667 0.12187500000000001 0.14166666666666666
0 0.54140625 0.9222222222222223 0.13125 0.15555555555555556
3 0.8074218750000001 0.3354166666666667 0.26953125 0.2986111111111111
2 0.06015625 0.7333333333333334 0.1203125 0.2916666666666667
