1 0.625 0.31319444444444444 0.1921875 0.4763888888888889
3 0.504296875 0.006944444444444445 0.13828125 0.01388888888888889
2 0.16914062500000002 0.45763888888888893 0.12265625000000001 0.1736111111111111
0 0.34453125 0.4131944444444445 0.078125 0.13194444444444445
0 0.361328125 0.15208333333333335 0.06640625 0.10972222222222222
0 0.2078125 0.13541666666666669 0.0703125 0.10694444444444445
0 0.20273437500000002 0.10208333333333333 0.07265625 0.10972222222222222
0 0.169921875 0.19166666666666668 0.07421875 0.11111111111111112
0 0.162890625 0.1590277777777778 0.07734375 0.11527777777777778
3 0.037500000000000006 0.7201388888888889 0.07500000000000001 0.3680555555555556
3 0.135546875 0.02777777777777778 0.14296875 0.05555555555555556
2 0.476171875 0.08888888888888889 0.08203125 0.14166666666666666
