1 0.15234375 0.28611111111111115 0.19062500000000002 0.3277777777777778
2 0.5515625000000001 0.4118055555555556 0.11875000000000001 0.14027777777777778
0 0.37031250000000004 0.41805555555555557 0.07500000000000001 0.08055555555555556
0 0.22617187500000002 0.5027777777777778 0.09921875000000001 0.13055555555555556
0 0.49453125000000003 0.5826388888888889 0.15000000000000002 0.18194444444444446
0 0.49726562500000004 0.4861111111111111 0.15234375 0.1638888888888889
0 0.577734375 0.55 0.14453125 0.16111111111111112
0 0.58046875 0.4618055555555556 0.146875 0.14583333333333334
3 0.7265625 0.3458333333333333 0.19375 0.2
3 0.73046875 0.65625 0.5390625 0.6875
2 0.054296875 0.4715277777777778 0.10859375 0.19583333333333333
