1 0.63203125 0.4 0.203125 0.5361111111111111
3 0.59375 0.020833333333333336 0.15625 0.04166666666666667
2 0.16562500000000002 0.3902777777777778 0.13125 0.2
0 0.34453125 0.4083333333333333 0.07968750000000001 0.14722222222222223
0 0.40468750000000003 0.15069444444444444 0.06875 0.12083333333333333
0 0.255078125 0.08750000000000001 0.06640625 0.11388888888888889
0 0.2515625 0.05555555555555556 0.06875 0.11111111111111112
0 0.21054687500000002 0.13125 0.06953125 0.11805555555555557
0 0.205078125 0.09652777777777778 0.07265625 0.12083333333333333
3 0.023046875 0.5590277777777778 0.04609375 0.30694444444444446
3 0.213671875 0.0 0.12421875 0.0
2 0.530859375 0.12152777777777778 0.09921875000000001 0.16805555555555557
