1 0.14179687500000002 0.18819444444444444 0.25546875 0.3763888888888889
2 0.548828125 0.5444444444444445 0.14765625000000002 0.2555555555555556
0 0.36835937500000004 0.4291666666666667 0.06953125 0.1527777777777778
0 0.19648437500000002 0.7152777777777778 0.08046875 0.18611111111111112
0 0.36757812500000003 0.9590277777777778 0.09453125000000001 0.08194444444444444
0 0.36835937500000004 0.9541666666666667 0.10078125 0.09166666666666667
0 0.453125 0.9354166666666667 0.1 0.12916666666666668
0 0.45937500000000003 0.9284722222222223 0.10625000000000001 0.14305555555555557
3 0.8070312500000001 0.45555555555555555 0.25625000000000003 0.33055555555555555
2 0.057031250000000006 0.6111111111111112 0.11406250000000001 0.26666666666666666
