1 0.555859375 0.6965277777777779 0.32734375000000004 0.4902777777777778
3 0.8390625 0.2916666666666667 0.23750000000000002 0.33333333333333337
2 0.248046875 0.21736111111111112 0.09453125000000001 0.19305555555555556
0 0.35195312500000003 0.39583333333333337 0.04453125 0.125
0 0.525 0.27361111111111114 0.0546875 0.11388888888888889
0 0.441015625 0.08541666666666667 0.041406250000000006 0.09861111111111112
0 0.443359375 0.050694444444444445 0.04296875 0.10138888888888889
0 0.389453125 0.07986111111111112 0.03671875 0.09861111111111112
0 0.390234375 0.04791666666666667 0.03828125 0.09583333333333334
3 0.07578125000000001 0.14097222222222222 0.15156250000000002 0.28194444444444444
3 0.50625 0.006944444444444445 0.1390625 0.01388888888888889
2 0.65546875 0.3923611111111111 0.1375 0.21805555555555556
