1 0.0890625 0.3055555555555556 0.178125 0.5694444444444444
3 0.5789062500000001 0.6354166666666667 0.8421875000000001 0.7291666666666667
2 0.48281250000000003 0.36597222222222225 0.1046875 0.10694444444444445
0 0.373046875 0.41250000000000003 0.07265625 0.07222222222222223
0 0.525 0.5034722222222222 0.1234375 0.11527777777777778
0 0.7171875000000001 0.45555555555555555 0.12187500000000001 0.09166666666666667
0 0.7210937500000001 0.38819444444444445 0.1234375 0.08750000000000001
0 0.680859375 0.42847222222222225 0.10390625 0.07916666666666666
0 0.6839843750000001 0.3680555555555556 0.10546875 0.075
3 0.4859375 0.3055555555555556 0.10312500000000001 0.14444444444444446
3 0.9792968750000001 0.4416666666666667 0.041406250000000006 0.4
2 0.38398437500000004 0.5951388888888889 0.25078125 0.34305555555555556
