1 0.109765625 0.30694444444444446 0.17734375000000002 0.3666666666666667
3 0.037500000000000006 0.6555555555555556 0.07500000000000001 0.6888888888888889
2 0.51953125 0.3854166666666667 0.096875 0.10416666666666667
0 0.369921875 0.4152777777777778 0.07421875 0.07222222222222223
0 0.36640625000000004 0.5083333333333333 0.109375 0.11944444444444445
0 0.6328125 0.5118055555555556 0.109375 0.12083333333333333
0 0.636328125 0.4375 0.11171875 0.11111111111111112
0 0.6468750000000001 0.4798611111111111 0.09843750000000001 0.10416666666666667
0 0.65 0.4131944444444445 0.1 0.09583333333333334
3 0.5886718750000001 0.32569444444444445 0.13046875 0.15416666666666667
3 0.921484375 0.6006944444444444 0.15703125 0.6180555555555556
2 0.13984375000000002 0.5201388888888889 0.19062500000000002 0.20972222222222223
