1 0.12890625 0.6597222222222222 0.2578125 0.6361111111111112
2 0.46992187500000004 0.19236111111111112 0.11796875000000001 0.20694444444444446
0 0.37109375 0.40208333333333335 0.07968750000000001 0.12083333333333333
0 0.532421875 0.7236111111111111 0.10703125000000001 0.14444444444444446
0 0.6843750000000001 0.5 0.1078125 0.1277777777777778
0 0.70078125 0.4708333333333333 0.11406250000000001 0.13333333333333333
0 0.6585937500000001 0.39166666666666666 0.1 0.11944444444444445
0 0.673046875 0.3597222222222222 0.10546875 0.125
3 0.46328125000000003 0.03819444444444445 0.12812500000000002 0.0763888888888889
3 0.925390625 0.576388888888889 0.14921875 0.4416666666666667
2 0.45859375 0.9430555555555556 0.184375 0.11388888888888889
