1 0.476171875 0.2652777777777778 0.17265625 0.3
3 0.21250000000000002 0.29444444444444445 0.09843750000000001 0.13055555555555556
2 0.22382812500000002 0.47361111111111115 0.18515625000000002 0.22222222222222224
0 0.349609375 0.41875 0.08671875000000001 0.08472222222222223
0 0.215625 0.37777777777777777 0.065625 0.0638888888888889
0 0.040234375 0.41597222222222224 0.08046875 0.08194444444444444
0 0.038671875 0.3576388888888889 0.07734375 0.0763888888888889
0 0.033984375000000004 0.4395833333333333 0.06796875000000001 0.09583333333333334
0 0.032421875 0.375 0.06484375 0.08888888888888889
3 0.191796875 0.6208333333333333 0.38359375 0.7583333333333334
2 0.27421875 0.3388888888888889 0.0859375 0.08888888888888889
