1 0.640625 0.5145833333333334 0.28125 0.5819444444444445
3 0.6984375 0.06319444444444444 0.178125 0.12638888888888888
2 0.17890625000000002 0.31527777777777777 0.1296875 0.21666666666666667
0 0.34609375000000003 0.4027777777777778 0.0734375 0.1527777777777778
0 0.45429687500000004 0.1701388888888889 0.06953125 0.12638888888888888
0 0.31796875 0.05694444444444444 0.059375000000000004 0.11388888888888889
0 0.31640625 0.03958333333333333 0.060937500000000006 0.07916666666666666
0 0.267578125 0.08402777777777778 0.06015625 0.11805555555555557
0 0.264453125 0.05416666666666667 0.06328125 0.10833333333333334
3 0.028515625000000003 0.3763888888888889 0.057031250000000006 0.29444444444444445
2 0.5925781250000001 0.18819444444444444 0.12109375 0.19861111111111113
