1 0.35468750000000004 0.09930555555555556 0.19375 0.19861111111111113
3 0.019921875000000002 0.12152777777777778 0.039843750000000004 0.24305555555555555
2 0.38906250000000003 0.7416666666666667 0.1046875 0.25
0 0.35546875 0.43472222222222223 0.0765625 0.1527777777777778
0 0.14609375 0.3902777777777778 0.08750000000000001 0.14722222222222223
0 0.0734375 0.7222222222222222 0.11093750000000001 0.18611111111111112
0 0.05859375 0.7027777777777778 0.1171875 0.19444444444444445
0 0.1234375 0.8111111111111111 0.11093750000000001 0.19722222222222224
0 0.110546875 0.7965277777777778 0.11796875000000001 0.20694444444444446
3 0.6550781250000001 0.9458333333333334 0.31484375000000003 0.10833333333333334
2 0.127734375 0.18888888888888888 0.10546875 0.18055555555555555
