1 0.26210937500000003 0.26805555555555555 0.16015625 0.2777777777777778
2 0.525 0.45763888888888893 0.16562500000000002 0.19583333333333333
0 0.361328125 0.41944444444444445 0.05078125 0.08333333333333334
0 0.11601562500000001 0.4513888888888889 0.09296875 0.1
0 0.11992187500000001 0.5784722222222223 0.14296875 0.17916666666666667
0 0.11601562500000001 0.47708333333333336 0.14609375 0.1625
0 0.24179687500000002 0.5902777777777778 0.12109375 0.18611111111111112
0 0.23945312500000002 0.4861111111111111 0.12265625000000001 0.16944444444444445
3 0.864453125 0.4451388888888889 0.27109375 0.4013888888888889
2 0.045703125000000004 0.3944444444444445 0.09140625000000001 0.13333333333333333
