1 0.623046875 0.30486111111111114 0.20703125 0.5291666666666667
3 0.6546875000000001 0.3104166666666667 0.1328125 0.1513888888888889
2 0.19453125000000002 0.3791666666666667 0.11093750000000001 0.11944444444444445
0 0.347265625 0.4131944444444445 0.07109375 0.08194444444444444
0 0.45351562500000003 0.3715277777777778 0.06171875 0.059722222222222225
0 0.335546875 0.35208333333333336 0.047656250000000004 0.051388888888888894
0 0.335546875 0.3145833333333333 0.047656250000000004 0.04861111111111111
0 0.29140625000000003 0.35555555555555557 0.046875 0.05277777777777778
0 0.291015625 0.31736111111111115 0.047656250000000004 0.04861111111111111
3 0.0328125 0.3493055555555556 0.065625 0.22083333333333335
3 0.338671875 0.2923611111111111 0.08984375 0.11805555555555557
2 0.5796875 0.36319444444444443 0.1 0.10416666666666667
