1 0.10859375 0.5888888888888889 0.2171875 0.6277777777777778
2 0.494140625 0.21944444444444444 0.12265625000000001 0.20277777777777778
0 0.37265625 0.4048611111111111 0.0734375 0.10416666666666667
0 0.499609375 0.7701388888888889 0.10078125 0.12361111111111112
0 0.6859375000000001 0.5875 0.109375 0.11388888888888889
0 0.703125 0.5618055555555556 0.1171875 0.12083333333333333
0 0.6707031250000001 0.46944444444444444 0.10234375000000001 0.10833333333333334
0 0.6859375000000001 0.4395833333333333 0.1078125 0.1125
3 0.515625 0.052083333333333336 0.146875 0.10416666666666667
3 0.923828125 0.7548611111111111 0.15234375 0.4847222222222222
2 0.38203125000000004 0.9569444444444445 0.18125000000000002 0.08611111111111111
