1 0.14453125 0.3236111111111111 0.2828125 0.6472222222222223
3 0.931640625 0.6340277777777779 0.13671875 0.7319444444444445
2 0.432421875 0.3590277777777778 0.09296875 0.10138888888888889
0 0.36953125000000003 0.4118055555555556 0.07968750000000001 0.0763888888888889
0 0.5796875 0.4743055555555556 0.1171875 0.10972222222222222
0 0.669140625 0.4173611111111111 0.09453125000000001 0.07916666666666666
0 0.671875 0.36041666666666666 0.09531250000000001 0.07361111111111111
0 0.6238281250000001 0.39861111111111114 0.08359375000000001 0.06944444444444445
0 0.6257812500000001 0.3479166666666667 0.084375 0.06527777777777778
3 0.39882812500000003 0.3027777777777778 0.08046875 0.13611111111111113
3 0.9050781250000001 0.3666666666666667 0.18984375 0.25277777777777777
2 0.572265625 0.5666666666666667 0.22421875000000002 0.3138888888888889
