1 0.5046875000000001 0.26875 0.17500000000000002 0.30694444444444446
3 0.26171875 0.29375 0.09531250000000001 0.12638888888888888
2 0.19843750000000002 0.4618055555555556 0.1703125 0.20416666666666666
0 0.34882812500000004 0.4173611111111111 0.08046875 0.07916666666666666
0 0.24179687500000002 0.3736111111111111 0.05859375 0.058333333333333334
0 0.06875 0.4013888888888889 0.084375 0.07222222222222223
0 0.06601562500000001 0.3479166666666667 0.08515625 0.06805555555555556
0 0.045703125000000004 0.4215277777777778 0.09140625000000001 0.08194444444444444
0 0.04453125 0.36319444444444443 0.0890625 0.0763888888888889
3 0.129296875 0.6236111111111111 0.25859375 0.7527777777777778
3 0.0027343750000000003 0.3354166666666667 0.0054687500000000005 0.20416666666666666
2 0.309375 0.3375 0.08281250000000001 0.08611111111111111
