1 0.616796875 0.30833333333333335 0.26328125 0.5805555555555556
3 0.7171875000000001 0.31875000000000003 0.1484375 0.16805555555555557
2 0.21328125 0.37222222222222223 0.1015625 0.11388888888888889
0 0.34882812500000004 0.41250000000000003 0.06328125 0.08055555555555556
0 0.48085937500000003 0.37569444444444444 0.06015625 0.0625
0 0.370703125 0.3513888888888889 0.04453125 0.05
0 0.370703125 0.3138888888888889 0.04453125 0.04722222222222222
0 0.32578125 0.35347222222222224 0.0421875 0.051388888888888894
0 0.325 0.31527777777777777 0.0421875 0.04722222222222222
3 0.0484375 0.3368055555555556 0.096875 0.2013888888888889
3 0.38828125 0.2916666666666667 0.09375 0.11944444444444445
2 0.615234375 0.3729166666666667 0.11328125 0.11527777777777778
