1 0.5859375 0.3201388888888889 0.2984375 0.5819444444444445
3 0.77109375 0.3340277777777778 0.1625 0.1875
2 0.23984375000000002 0.36736111111111114 0.08750000000000001 0.10694444444444445
0 0.351171875 0.4118055555555556 0.05078125 0.0763888888888889
0 0.5027343750000001 0.3826388888888889 0.057031250000000006 0.0625
0 0.405859375 0.35347222222222224 0.039843750000000004 0.04861111111111111
0 0.40625 0.31666666666666665 0.0390625 0.04722222222222222
0 0.3609375 0.3541666666666667 0.035937500000000004 0.05
0 0.3609375 0.31736111111111115 0.035937500000000004 0.04583333333333334
3 0.069140625 0.3298611111111111 0.13828125 0.17916666666666667
3 0.43789062500000003 0.2965277777777778 0.09609375 0.12083333333333333
2 0.63984375 0.3861111111111111 0.1234375 0.12222222222222223
