1 0.396484375 0.10555555555555556 0.20859375000000002 0.2111111111111111
3 0.040234375 0.07708333333333334 0.08046875 0.15416666666666667
2 0.35000000000000003 0.7583333333333334 0.12812500000000002 0.28055555555555556
0 0.353515625 0.43472222222222223 0.08359375000000001 0.15555555555555556
0 0.15156250000000002 0.33819444444444446 0.0890625 0.14583333333333334
0 0.051562500000000004 0.6465277777777778 0.10312500000000001 0.18194444444444446
0 0.045312500000000006 0.6236111111111111 0.09062500000000001 0.18888888888888888
0 0.083984375 0.75 0.11640625 0.19444444444444445
0 0.06875 0.7312500000000001 0.1234375 0.20416666666666666
2 0.1546875 0.13611111111111113 0.109375 0.18888888888888888
