1 0.602734375 0.5361111111111111 0.26015625000000003 0.5194444444444445
3 0.6984375 0.09305555555555556 0.1625 0.18611111111111112
2 0.2015625 0.3041666666666667 0.11406250000000001 0.19722222222222224
0 0.34765625 0.40208333333333335 0.06406250000000001 0.1375
0 0.45937500000000003 0.19930555555555557 0.0625 0.11805555555555557
0 0.339453125 0.07847222222222222 0.05234375 0.10694444444444445
0 0.338671875 0.05 0.05390625 0.1
0 0.291796875 0.09861111111111112 0.05234375 0.10833333333333334
0 0.28984375 0.06666666666666667 0.0546875 0.11111111111111112
3 0.045703125000000004 0.3354166666666667 0.09140625000000001 0.2763888888888889
3 0.34453125 0.0 0.11406250000000001 0.0
2 0.5875 0.23055555555555557 0.11406250000000001 0.18888888888888888
