1 0.291796875 0.26666666666666666 0.15078125 0.26666666666666666
2 0.498046875 0.4666666666666667 0.15859375 0.20277777777777778
0 0.35976562500000003 0.4201388888888889 0.06171875 0.08472222222222223
0 0.11640625 0.4388888888888889 0.09531250000000001 0.09444444444444444
0 0.06992187500000001 0.5569444444444445 0.13984375000000002 0.16944444444444445
0 0.068359375 0.4625 0.13671875 0.1527777777777778
0 0.16328125000000002 0.5784722222222223 0.146875 0.18472222222222223
0 0.15976562500000002 0.47708333333333336 0.14921875 0.16527777777777777
3 0.8542968750000001 0.48888888888888893 0.29140625000000003 0.4861111111111111
2 0.071484375 0.38125000000000003 0.09765625 0.12083333333333333
