1 0.577734375 0.19583333333333333 0.23359375000000002 0.39166666666666666
2 0.1921875 0.6125 0.1390625 0.24166666666666667
0 0.34453125 0.42291666666666666 0.0703125 0.09861111111111112
0 0.26992187500000003 0.16805555555555557 0.06484375 0.08611111111111111
0 0.1046875 0.26180555555555557 0.08125 0.09027777777777778
0 0.094140625 0.22847222222222224 0.08515625 0.09583333333333334
0 0.083203125 0.3493055555555556 0.08671875000000001 0.09583333333333334
0 0.071484375 0.31666666666666665 0.09140625000000001 0.1
3 0.101953125 0.9270833333333334 0.20390625 0.14583333333333334
3 0.026171875 0.13125 0.05234375 0.2625
2 0.35781250000000003 0.061111111111111116 0.09375 0.12222222222222223
