1 0.2859375 0.11180555555555556 0.1859375 0.22361111111111112
3 0.0 0.27847222222222223 0.0 0.3375
2 0.456640625 0.6888888888888889 0.11484375000000001 0.23611111111111113
0 0.359375 0.4340277777777778 0.059375000000000004 0.14027777777777778
0 0.148828125 0.49236111111111114 0.07890625000000001 0.14583333333333334
0 0.14921875 0.8458333333333333 0.09375 0.18333333333333335
0 0.13828125 0.8333333333333334 0.1 0.19166666666666668
0 0.219140625 0.8986111111111111 0.08828125 0.18888888888888888
0 0.211328125 0.8895833333333334 0.09453125000000001 0.19861111111111113
3 0.7367187500000001 0.8361111111111111 0.30781250000000004 0.3277777777777778
3 0.016796875 0.9923611111111111 0.03359375 0.015277777777777779
2 0.087109375 0.30486111111111114 0.09140625000000001 0.1902777777777778
