1 0.087890625 0.3145833333333333 0.15859375 0.45972222222222225
3 0.32539062500000004 0.6527777777777778 0.6507812500000001 0.6944444444444444
2 0.49296875 0.3736111111111111 0.1 0.10277777777777779
0 0.37031250000000004 0.4138888888888889 0.0703125 0.06944444444444445
0 0.466796875 0.5034722222222222 0.10234375000000001 0.1125
0 0.6863281250000001 0.4715277777777778 0.11484375000000001 0.09583333333333334
0 0.6898437500000001 0.4048611111111111 0.115625 0.09027777777777778
0 0.666015625 0.4430555555555556 0.09921875000000001 0.08333333333333334
0 0.669140625 0.38333333333333336 0.10078125 0.07777777777777778
3 0.515625 0.3138888888888889 0.1078125 0.14444444444444446
3 0.9695312500000001 0.48055555555555557 0.060937500000000006 0.43333333333333335
2 0.29453125 0.5604166666666667 0.1921875 0.27361111111111114
