1 0.304296875 0.7944444444444445 0.37109375 0.41111111111111115
3 0.898046875 0.8562500000000001 0.20390625 0.28750000000000003
2 0.353515625 0.14652777777777778 0.08671875000000001 0.1902777777777778
0 0.362109375 0.3923611111111111 0.08046875 0.15416666666666667
0 0.5867187500000001 0.4791666666666667 0.0890625 0.1638888888888889
0 0.596875 0.2125 0.0765625 0.13333333333333333
0 0.60703125 0.1763888888888889 0.07968750000000001 0.1388888888888889
0 0.5476562500000001 0.15694444444444444 0.07187500000000001 0.1277777777777778
0 0.555078125 0.12013888888888889 0.07578125000000001 0.13194444444444445
3 0.248046875 0.03888888888888889 0.10390625 0.07777777777777778
3 0.7757812500000001 0.11527777777777778 0.20625000000000002 0.23055555555555557
2 0.66328125 0.7611111111111112 0.1328125 0.2777777777777778
