1 0.595703125 0.22013888888888888 0.22109375 0.44027777777777777
2 0.18281250000000002 0.5583333333333333 0.12187500000000001 0.20833333333333334
0 0.34414062500000003 0.41944444444444445 0.07421875 0.11111111111111112
0 0.30117187500000003 0.15972222222222224 0.06484375 0.09444444444444444
0 0.139453125 0.21319444444444446 0.07734375 0.09861111111111112
0 0.13125 0.1798611111111111 0.08125 0.10138888888888889
0 0.11210937500000001 0.2888888888888889 0.08203125 0.10277777777777779
0 0.101953125 0.2576388888888889 0.08671875000000001 0.10694444444444445
3 0.076171875 0.8701388888888889 0.15234375 0.25972222222222224
3 0.053125000000000006 0.09027777777777778 0.10625000000000001 0.18055555555555555
2 0.39921875 0.0638888888888889 0.08750000000000001 0.1277777777777778
