1 0.09375 0.34652777777777777 0.1875 0.5236111111111111
2 0.55 0.3506944444444445 0.1125 0.1763888888888889
0 0.373828125 0.41805555555555557 0.08359375000000001 0.14166666666666666
0 0.35195312500000003 0.8243055555555556 0.10390625 0.18472222222222223
0 0.59765625 0.8666666666666667 0.115625 0.18888888888888888
0 0.6121093750000001 0.8541666666666667 0.12265625000000001 0.2
0 0.63203125 0.7444444444444445 0.11093750000000001 0.17500000000000002
0 0.646484375 0.7256944444444444 0.11796875000000001 0.18472222222222223
3 0.6746093750000001 0.13194444444444445 0.20390625 0.2638888888888889
2 0.151171875 0.9111111111111111 0.16953125000000002 0.17777777777777778
