1 0.54609375 0.17291666666666666 0.22968750000000002 0.3458333333333333
3 0.255859375 0.0 0.12734375 0.0
2 0.21445312500000002 0.65625 0.14765625000000002 0.2625
0 0.347265625 0.4256944444444445 0.07421875 0.1125
0 0.24335937500000002 0.1902777777777778 0.06484375 0.09722222222222222
0 0.08085937500000001 0.325 0.08046875 0.10555555555555556
0 0.069140625 0.29375 0.08515625 0.10972222222222222
0 0.068359375 0.41944444444444445 0.08671875000000001 0.11111111111111112
0 0.055468750000000004 0.3902777777777778 0.0921875 0.11666666666666667
3 0.137109375 0.96875 0.27421875 0.0625
3 0.004296875 0.19722222222222224 0.00859375 0.3388888888888889
2 0.31484375000000003 0.06527777777777778 0.096875 0.13055555555555556
