1 0.476171875 0.1423611111111111 0.20234375000000002 0.2847222222222222
3 0.15703125 0.02777777777777778 0.125 0.05555555555555556
2 0.27382812500000003 0.6965277777777779 0.13515625 0.2625
0 0.350390625 0.4305555555555556 0.07734375 0.1277777777777778
0 0.207421875 0.25625000000000003 0.07265625 0.1125
0 0.0734375 0.45416666666666666 0.0859375 0.13055555555555556
0 0.061328125000000004 0.42708333333333337 0.08984375 0.13472222222222222
0 0.08125 0.5506944444444445 0.09062500000000001 0.1375
0 0.069140625 0.5263888888888889 0.09453125000000001 0.14444444444444446
3 0.30976562500000004 0.9888888888888889 0.20703125 0.022222222222222223
3 0.0 0.40902777777777777 0.0 0.3402777777777778
2 0.248046875 0.08888888888888889 0.09765625 0.17500000000000002
