1 0.60703125 0.25833333333333336 0.203125 0.45833333333333337
3 0.44375000000000003 0.0006944444444444445 0.12812500000000002 0.001388888888888889
2 0.17539062500000002 0.5055555555555555 0.11328125 0.17500000000000002
0 0.34453125 0.41597222222222224 0.07500000000000001 0.12083333333333333
0 0.331640625 0.15763888888888888 0.06484375 0.10138888888888889
0 0.176171875 0.17430555555555557 0.07265625 0.10138888888888889
0 0.16953125000000002 0.14166666666666666 0.07500000000000001 0.10555555555555556
0 0.143359375 0.23958333333333334 0.07734375 0.10694444444444445
0 0.135546875 0.20833333333333334 0.08046875 0.11111111111111112
3 0.057031250000000006 0.8159722222222222 0.11406250000000001 0.3680555555555556
3 0.07968750000000001 0.058333333333333334 0.15937500000000002 0.11666666666666667
2 0.437109375 0.07291666666666667 0.08359375000000001 0.1375
