1 0.40156250000000004 0.11111111111111112 0.2 0.22222222222222224
3 0.049609375000000004 0.075 0.09921875000000001 0.15
2 0.34375 0.7402777777777778 0.1234375 0.26666666666666666
0 0.353515625 0.4340277777777778 0.08046875 0.1486111111111111
0 0.1625 0.3340277777777778 0.084375 0.1375
0 0.060546875 0.6222222222222222 0.10546875 0.16944444444444445
0 0.05078125 0.5993055555555555 0.1015625 0.1763888888888889
0 0.094140625 0.7201388888888889 0.10859375 0.17916666666666667
0 0.08085937500000001 0.701388888888889 0.11484375000000001 0.18888888888888888
3 0.5484375 0.9902777777777778 0.2515625 0.019444444444444445
2 0.16796875 0.14027777777777778 0.1046875 0.18333333333333335
