1 0.121484375 0.2152777777777778 0.24296875 0.4305555555555556
2 0.5625 0.4986111111111111 0.146875 0.25
0 0.369921875 0.42708333333333337 0.07890625000000001 0.15972222222222224
0 0.22226562500000002 0.7701388888888889 0.09453125000000001 0.2013888888888889
0 0.436328125 0.9625 0.11171875 0.075
0 0.44179687500000003 0.9576388888888889 0.11953125 0.08472222222222223
0 0.515234375 0.925 0.11640625 0.15
0 0.525390625 0.9180555555555556 0.12421875 0.1638888888888889
3 0.798828125 0.3527777777777778 0.26015625000000003 0.2972222222222222
2 0.06171875 0.7076388888888889 0.1234375 0.28194444444444444
