1 0.09257812500000001 0.3090277777777778 0.17578125 0.41250000000000003
3 0.155078125 0.6541666666666667 0.31015625 0.6916666666666667
2 0.5085937500000001 0.3784722222222222 0.1 0.10416666666666667
0 0.369921875 0.4152777777777778 0.07421875 0.07222222222222223
0 0.4140625 0.5090277777777777 0.1078125 0.11805555555555557
0 0.671484375 0.4930555555555556 0.11328125 0.11111111111111112
0 0.675 0.4222222222222222 0.115625 0.10277777777777779
0 0.666015625 0.4625 0.09921875000000001 0.09444444444444444
0 0.669140625 0.39861111111111114 0.10078125 0.08888888888888889
3 0.5546875 0.3194444444444445 0.1203125 0.15
3 0.958984375 0.5423611111111112 0.08203125 0.5347222222222222
2 0.19453125000000002 0.5430555555555556 0.184375 0.24444444444444446
