1 0.380859375 0.2652777777777778 0.15234375 0.2638888888888889
3 0.0625 0.3104166666666667 0.10625000000000001 0.15416666666666667
2 0.353515625 0.48194444444444445 0.14765625000000002 0.21944444444444444
0 0.35390625000000003 0.41944444444444445 0.08281250000000001 0.08611111111111111
0 0.154296875 0.40208333333333335 0.08359375000000001 0.0763888888888889
0 0.031640625 0.47500000000000003 0.06328125 0.11944444444444445
0 0.030078125 0.40208333333333335 0.06015625 0.10972222222222222
0 0.048046875 0.5055555555555555 0.09609375 0.1388888888888889
0 0.046484375 0.42430555555555555 0.09296875 0.12638888888888888
3 0.7507812500000001 0.6263888888888889 0.49843750000000003 0.7472222222222222
2 0.173828125 0.3527777777777778 0.09296875 0.09722222222222222
