1 0.36796875 0.3375 0.3296875 0.5694444444444444
3 0.9171875 0.43819444444444444 0.16562500000000002 0.3513888888888889
2 0.33359375 0.35833333333333334 0.06406250000000001 0.09166666666666667
0 0.359375 0.41111111111111115 0.06875 0.075
0 0.566015625 0.41875 0.06171875 0.07916666666666666
0 0.534375 0.3736111111111111 0.0484375 0.05555555555555556
0 0.535546875 0.33333333333333337 0.049218750000000006 0.05277777777777778
0 0.4890625 0.3666666666666667 0.0484375 0.05277777777777778
0 0.48984375 0.3277777777777778 0.0484375 0.05
3 0.244140625 0.3111111111111111 0.07734375 0.13611111111111113
3 0.6375000000000001 0.31666666666666665 0.1265625 0.14722222222222223
2 0.69296875 0.4534722222222222 0.15156250000000002 0.17083333333333334
