1 0.176171875 0.7361111111111112 0.35234375 0.5277777777777778
2 0.41445312500000003 0.15972222222222224 0.10390625 0.20277777777777778
0 0.3671875 0.39722222222222225 0.084375 0.14166666666666666
0 0.57265625 0.6055555555555556 0.1046875 0.1638888888888889
0 0.6515625 0.34305555555555556 0.09375 0.13611111111111113
0 0.6644531250000001 0.30972222222222223 0.09921875000000001 0.14166666666666666
0 0.6109375 0.2604166666666667 0.08750000000000001 0.12916666666666668
0 0.6218750000000001 0.2263888888888889 0.0921875 0.13333333333333333
3 0.354296875 0.02638888888888889 0.09609375 0.05277777777777778
3 0.8875000000000001 0.28611111111111115 0.225 0.3472222222222222
2 0.578515625 0.8861111111111112 0.16796875 0.22777777777777777
