1 0.650390625 0.2868055555555556 0.16484375 0.4625
3 0.546875 0.2972222222222222 0.115625 0.13333333333333333
2 0.154296875 0.3944444444444445 0.13359375 0.13333333333333333
0 0.34375 0.41458333333333336 0.084375 0.08472222222222223
0 0.39882812500000003 0.3652777777777778 0.06328125 0.058333333333333334
0 0.26210937500000003 0.3548611111111111 0.057031250000000006 0.05416666666666667
0 0.26171875 0.31527777777777777 0.0578125 0.05
0 0.219140625 0.36180555555555555 0.06015625 0.05694444444444444
0 0.21835937500000002 0.3201388888888889 0.06015625 0.05416666666666667
3 0.0 0.3861111111111111 0.0 0.3
3 0.23750000000000002 0.2923611111111111 0.0921875 0.12361111111111112
2 0.5125000000000001 0.34652777777777777 0.078125 0.09305555555555556
