1 0.607421875 0.28194444444444444 0.17734375000000002 0.37222222222222223
3 0.446875 0.2951388888888889 0.1015625 0.12361111111111112
2 0.14609375 0.4131944444444445 0.13593750000000002 0.14027777777777778
0 0.34375 0.4152777777777778 0.08281250000000001 0.08055555555555556
0 0.34492187500000004 0.36458333333333337 0.06171875 0.05416666666666667
0 0.19765625 0.3652777777777778 0.06406250000000001 0.05555555555555556
0 0.19648437500000002 0.3236111111111111 0.06484375 0.05277777777777778
0 0.15859375 0.37569444444444444 0.0703125 0.059722222222222225
0 0.156640625 0.33125 0.07109375 0.05694444444444444
3 0.0 0.4548611111111111 0.0 0.41805555555555557
3 0.143359375 0.30208333333333337 0.10859375 0.1375
2 0.44453125000000004 0.3402777777777778 0.0734375 0.08055555555555556
