1 0.096875 0.2888888888888889 0.19375 0.5527777777777778
2 0.5613281250000001 0.3875 0.12109375 0.20555555555555557
0 0.37265625 0.42083333333333334 0.08750000000000001 0.15555555555555556
0 0.30976562500000004 0.8409722222222222 0.10859375 0.20416666666666666
0 0.5710937500000001 0.9229166666666667 0.1265625 0.15416666666666667
0 0.5847656250000001 0.9152777777777779 0.13515625 0.16944444444444445
0 0.6199218750000001 0.83125 0.12265625000000001 0.20416666666666666
0 0.6355468750000001 0.8159722222222222 0.13203125000000002 0.2152777777777778
3 0.7250000000000001 0.16111111111111112 0.23125 0.3
2 0.094921875 0.8875000000000001 0.18984375 0.225
