1 0.63203125 0.44027777777777777 0.2265625 0.5472222222222223
3 0.628125 0.03333333333333333 0.1609375 0.06666666666666667
2 0.172265625 0.36319444444444443 0.12890625 0.20416666666666666
0 0.345703125 0.40694444444444444 0.07734375 0.14722222222222223
0 0.42226562500000003 0.15972222222222224 0.06796875000000001 0.12222222222222223
0 0.278515625 0.07916666666666666 0.06328125 0.11388888888888889
0 0.27578125000000003 0.050694444444444445 0.065625 0.10138888888888889
0 0.23203125000000002 0.11666666666666667 0.065625 0.11666666666666667
0 0.22773437500000002 0.08125 0.06796875000000001 0.12083333333333333
3 0.026171875 0.48958333333333337 0.05234375 0.2763888888888889
3 0.248046875 0.0 0.11796875000000001 0.0
2 0.551171875 0.14652777777777778 0.10546875 0.1763888888888889
