1 0.15195312500000002 0.7041666666666667 0.30390625000000004 0.5916666666666667
2 0.44296875 0.1736111111111111 0.1125 0.20555555555555557
0 0.36953125000000003 0.3993055555555556 0.08281250000000001 0.13194444444444445
0 0.556640625 0.6673611111111112 0.10859375 0.15694444444444444
0 0.671875 0.41805555555555557 0.1015625 0.13333333333333333
0 0.68671875 0.38680555555555557 0.1078125 0.14027777777777778
0 0.637890625 0.32222222222222224 0.09453125000000001 0.125
0 0.650390625 0.2888888888888889 0.09921875000000001 0.13055555555555556
3 0.41015625 0.030555555555555558 0.109375 0.061111111111111116
3 0.9109375000000001 0.41944444444444445 0.178125 0.3944444444444445
2 0.5234375 0.9180555555555556 0.18125000000000002 0.1638888888888889
