1 0.500390625 0.3354166666666667 0.32109375 0.5597222222222222
3 0.876171875 0.37430555555555556 0.22734375 0.24305555555555555
2 0.28984375 0.3625 0.06406250000000001 0.09444444444444444
0 0.35390625000000003 0.4118055555555556 0.0546875 0.07361111111111111
0 0.5390625 0.39861111111111114 0.045312500000000006 0.06666666666666667
0 0.46992187500000004 0.3625 0.03359375 0.05
0 0.470703125 0.325 0.03359375 0.04722222222222222
0 0.425390625 0.3590277777777778 0.03515625 0.04861111111111111
0 0.42578125 0.32222222222222224 0.035937500000000004 0.04722222222222222
3 0.1625 0.3194444444444445 0.1046875 0.15
3 0.5339843750000001 0.3055555555555556 0.10703125000000001 0.1277777777777778
2 0.6746093750000001 0.4152777777777778 0.13984375000000002 0.1388888888888889
