1 0.529296875 0.27569444444444446 0.17421875 0.3125
3 0.30859375 0.29444444444444445 0.09375 0.12222222222222223
2 0.18320312500000002 0.4479166666666667 0.14765625000000002 0.18194444444444446
0 0.347265625 0.4166666666666667 0.07265625 0.07222222222222223
0 0.268359375 0.3701388888888889 0.057031250000000006 0.05416666666666667
0 0.10507812500000001 0.38958333333333334 0.07734375 0.0625
0 0.10312500000000001 0.3416666666666667 0.078125 0.058333333333333334
0 0.07578125000000001 0.40694444444444444 0.08750000000000001 0.06944444444444445
0 0.0734375 0.3541666666666667 0.0890625 0.06666666666666667
3 0.08085937500000001 0.6145833333333334 0.16171875000000002 0.7180555555555556
3 0.03125 0.32569444444444445 0.0625 0.1763888888888889
2 0.343359375 0.33819444444444446 0.07890625000000001 0.08194444444444444
