1 0.58359375 0.6381944444444445 0.31093750000000003 0.5180555555555556
3 0.784375 0.18680555555555556 0.2015625 0.29583333333333334
2 0.2265625 0.24791666666666667 0.1046875 0.19861111111111113
0 0.35078125000000004 0.39722222222222225 0.053125000000000006 0.13333333333333333
0 0.5015625 0.23819444444444446 0.059375000000000004 0.11805555555555557
0 0.40078125000000003 0.075 0.045312500000000006 0.10277777777777779
0 0.40234375 0.04722222222222222 0.046875 0.09444444444444444
0 0.35000000000000003 0.07986111111111112 0.043750000000000004 0.10416666666666667
0 0.349609375 0.05 0.04453125 0.1
3 0.061328125000000004 0.20347222222222222 0.12265625000000001 0.2986111111111111
3 0.44296875 0.0 0.1265625 0.0
2 0.6332031250000001 0.32083333333333336 0.13046875 0.20833333333333334
