1 0.409765625 0.27083333333333337 0.15390625000000002 0.2638888888888889
3 0.119140625 0.30625 0.09921875000000001 0.14027777777777778
2 0.31171875000000004 0.4777777777777778 0.15937500000000002 0.2111111111111111
0 0.35234375 0.41944444444444445 0.08281250000000001 0.08333333333333334
0 0.178125 0.39375 0.07500000000000001 0.06805555555555556
0 0.03671875 0.45208333333333334 0.0734375 0.10138888888888889
0 0.03515625 0.3875 0.0703125 0.09166666666666667
0 0.044921875 0.4791666666666667 0.08984375 0.11666666666666667
0 0.043359375000000006 0.4076388888888889 0.08671875000000001 0.10694444444444445
3 0.628125 0.6326388888888889 0.45937500000000003 0.7347222222222223
2 0.21015625000000002 0.3493055555555556 0.08750000000000001 0.09027777777777778
