1 0.180078125 0.33333333333333337 0.32890625 0.6666666666666667
3 0.9597656250000001 0.6305555555555555 0.08046875 0.7388888888888889
2 0.408203125 0.35694444444444445 0.08828125 0.1
0 0.3671875 0.4118055555555556 0.08125 0.07916666666666666
0 0.5921875 0.46111111111111114 0.1078125 0.10555555555555556
0 0.641796875 0.40208333333333335 0.08203125 0.07361111111111111
0 0.644140625 0.3506944444444445 0.08359375000000001 0.06805555555555556
0 0.594140625 0.38680555555555557 0.07421875 0.06527777777777778
0 0.59609375 0.33958333333333335 0.07500000000000001 0.0625
3 0.358203125 0.30208333333333337 0.07265625 0.13472222222222222
3 0.851171875 0.3458333333333333 0.20234375000000002 0.2138888888888889
2 0.6371093750000001 0.5430555555555556 0.18671875000000002 0.2888888888888889
