1 0.509765625 0.16041666666666668 0.21015625000000002 0.32083333333333336
3 0.21601562500000002 0.013194444444444444 0.12265625000000001 0.02638888888888889
2 0.24335937500000002 0.6673611111111112 0.13828125 0.25416666666666665
0 0.3484375 0.4277777777777778 0.0734375 0.11666666666666667
0 0.23007812500000002 0.22291666666666668 0.06640625 0.10138888888888889
0 0.08515625 0.38125000000000003 0.0765625 0.1125
0 0.07382812500000001 0.3527777777777778 0.08046875 0.11666666666666667
0 0.08203125 0.4743055555555556 0.08125 0.11805555555555557
0 0.06992187500000001 0.4479166666666667 0.08515625 0.12361111111111112
3 0.205078125 0.9680555555555556 0.25390625 0.0638888888888889
3 0.0 0.2888888888888889 0.0 0.33055555555555555
2 0.287109375 0.07777777777777778 0.09453125000000001 0.15555555555555556
