1 0.44062500000000004 0.12569444444444444 0.19843750000000002 0.2513888888888889
3 0.09648437500000001 0.04652777777777778 0.12890625 0.09305555555555556
2 0.306640625 0.7201388888888889 0.13046875 0.2652777777777778
0 0.35195312500000003 0.43194444444444446 0.07890625000000001 0.1388888888888889
0 0.18515625000000002 0.29305555555555557 0.078125 0.125
0 0.065625 0.5333333333333333 0.09531250000000001 0.14722222222222223
0 0.051953125 0.5090277777777777 0.10078125 0.15416666666666667
0 0.0859375 0.6319444444444444 0.1 0.15833333333333333
0 0.07265625 0.6104166666666667 0.1046875 0.16527777777777777
2 0.208984375 0.1125 0.10078125 0.17777777777777778
