1 0.209375 0.14305555555555557 0.225 0.28611111111111115
2 0.515234375 0.6326388888888889 0.14453125 0.2652777777777778
0 0.36484375 0.43194444444444446 0.05 0.13611111111111113
0 0.155078125 0.6083333333333334 0.06796875000000001 0.1527777777777778
0 0.23945312500000002 0.9416666666666667 0.06953125 0.11666666666666667
0 0.23203125000000002 0.9361111111111111 0.07500000000000001 0.1277777777777778
0 0.32890625 0.9444444444444445 0.06406250000000001 0.11111111111111112
0 0.326953125 0.9388888888888889 0.06796875000000001 0.12222222222222223
3 0.802734375 0.6840277777777778 0.29453125 0.4152777777777778
2 0.053515625000000004 0.4430555555555556 0.10703125000000001 0.23611111111111113
