1 0.47695312500000003 0.13541666666666669 0.21484375 0.27083333333333337
3 0.135546875 0.02361111111111111 0.13359375 0.04722222222222222
2 0.273046875 0.7222222222222222 0.14609375 0.2833333333333333
0 0.35000000000000003 0.43125 0.08281250000000001 0.1375
0 0.19375 0.25416666666666665 0.078125 0.12222222222222223
0 0.052734375 0.47222222222222227 0.09453125000000001 0.14166666666666666
0 0.044140625 0.44375000000000003 0.08828125 0.1486111111111111
0 0.0625 0.5756944444444445 0.1 0.1513888888888889
0 0.050390625 0.5506944444444445 0.10078125 0.15972222222222224
2 0.234765625 0.08472222222222223 0.10390625 0.16944444444444445
