1 0.11601562500000001 0.3145833333333333 0.22734375 0.6125
3 0.8765625 0.6361111111111112 0.246875 0.7277777777777779
2 0.45742187500000003 0.36180555555555555 0.09921875000000001 0.10416666666666667
0 0.371875 0.41250000000000003 0.0765625 0.075
0 0.5578125 0.48958333333333337 0.1234375 0.1125
0 0.69453125 0.4340277777777778 0.1078125 0.08472222222222223
0 0.6980468750000001 0.3729166666666667 0.10859375 0.07916666666666666
0 0.6527343750000001 0.4118055555555556 0.09296875 0.07361111111111111
0 0.6550781250000001 0.35694444444444445 0.09453125000000001 0.06944444444444445
3 0.44062500000000004 0.30347222222222225 0.09062500000000001 0.14027777777777778
3 0.9390625 0.3965277777777778 0.12187500000000001 0.30972222222222223
2 0.48828125 0.5854166666666667 0.246875 0.33472222222222225
