1 0.63203125 0.2673611111111111 0.22031250000000002 0.48750000000000004
2 0.160546875 0.49236111111111114 0.12578125 0.1763888888888889
0 0.343359375 0.4152777777777778 0.08203125 0.13333333333333333
0 0.34140625 0.14166666666666666 0.06875 0.10833333333333334
0 0.178515625 0.14652777777777778 0.07578125000000001 0.10972222222222222
0 0.17148437500000002 0.11180555555555556 0.07890625000000001 0.1125
0 0.14140625 0.21180555555555555 0.08125 0.11527777777777778
0 0.1328125 0.17708333333333334 0.084375 0.11805555555555557
3 0.040234375 0.8069444444444445 0.08046875 0.3861111111111111
3 0.08671875000000001 0.03888888888888889 0.1625 0.07777777777777778
2 0.45546875000000003 0.06527777777777778 0.08750000000000001 0.13055555555555556
