1 0.20664062500000002 0.27708333333333335 0.17578125 0.29583333333333334
2 0.550390625 0.4354166666666667 0.15078125 0.16805555555555557
0 0.36757812500000003 0.41875 0.06328125 0.08194444444444444
0 0.15000000000000002 0.47847222222222224 0.0703125 0.11527777777777778
0 0.30703125000000003 0.5979166666666667 0.109375 0.19305555555555556
0 0.30625 0.4951388888888889 0.11093750000000001 0.1736111111111111
0 0.43125 0.5847222222222223 0.1265625 0.18333333333333335
0 0.43281250000000004 0.48541666666666666 0.12812500000000002 0.16527777777777777
3 0.8265625000000001 0.3840277777777778 0.2578125 0.27361111111111114
3 0.20703125 0.6479166666666667 0.4140625 0.7041666666666667
2 0.041015625 0.4277777777777778 0.08203125 0.16111111111111112
