1 0.509375 0.32222222222222224 0.36562500000000003 0.6416666666666667
3 0.9015625 0.37777777777777777 0.19687500000000002 0.27222222222222225
2 0.291015625 0.3590277777777778 0.06484375 0.09861111111111112
0 0.354296875 0.4118055555555556 0.06015625 0.07916666666666666
0 0.555078125 0.4 0.049218750000000006 0.07222222222222223
0 0.482421875 0.36041666666666666 0.03671875 0.05416666666666667
0 0.48359375000000004 0.32083333333333336 0.037500000000000006 0.05
0 0.435546875 0.35694444444444445 0.03828125 0.05277777777777778
0 0.43593750000000003 0.31875000000000003 0.0390625 0.04861111111111111
3 0.16132812500000002 0.3138888888888889 0.10703125000000001 0.15555555555555556
3 0.55234375 0.30208333333333337 0.11406250000000001 0.13472222222222222
2 0.705078125 0.4201388888888889 0.15859375 0.15416666666666667
