1 0.6199218750000001 0.3013888888888889 0.13828125 0.40555555555555556
3 0.53359375 0.3027777777777778 0.1078125 0.125
2 0.17148437500000002 0.3965277777777778 0.12109375 0.12361111111111112
0 0.34492187500000004 0.41458333333333336 0.07734375 0.0763888888888889
0 0.39492187500000003 0.3680555555555556 0.05859375 0.05555555555555556
0 0.26601562500000003 0.3590277777777778 0.05390625 0.051388888888888894
0 0.265625 0.3215277777777778 0.0546875 0.04861111111111111
0 0.22578125000000002 0.36597222222222225 0.05625 0.05416666666666667
0 0.225390625 0.3263888888888889 0.057031250000000006 0.05
3 0.014453125 0.38958333333333334 0.02890625 0.27083333333333337
3 0.24140625000000002 0.2986111111111111 0.08750000000000001 0.11944444444444445
2 0.500390625 0.3506944444444445 0.07265625 0.08750000000000001
