1 0.47890625000000003 0.7722222222222223 0.33125000000000004 0.4027777777777778
3 0.883984375 0.5194444444444445 0.23203125000000002 0.4
2 0.291015625 0.17847222222222223 0.07421875 0.1763888888888889
0 0.35585937500000003 0.39305555555555555 0.06171875 0.14166666666666666
0 0.556640625 0.3493055555555556 0.05859375 0.1375
0 0.507421875 0.125 0.05078125 0.11388888888888889
0 0.5125000000000001 0.09027777777777778 0.053125000000000006 0.11666666666666667
0 0.45546875000000003 0.1 0.05 0.11111111111111112
0 0.45937500000000003 0.06458333333333334 0.051562500000000004 0.11527777777777778
3 0.13671875 0.09097222222222223 0.1484375 0.18194444444444446
3 0.615234375 0.04166666666666667 0.16171875000000002 0.08333333333333334
2 0.67578125 0.5326388888888889 0.1421875 0.22083333333333335
