1 0.23671875 0.2763888888888889 0.1640625 0.2777777777777778
2 0.534765625 0.4444444444444445 0.15390625000000002 0.17500000000000002
0 0.366015625 0.41875 0.05234375 0.07916666666666666
0 0.1375 0.46319444444444446 0.07968750000000001 0.10138888888888889
0 0.21445312500000002 0.5819444444444445 0.10078125 0.17500000000000002
0 0.21210937500000002 0.4847222222222222 0.10234375000000001 0.15833333333333333
0 0.34453125 0.58125 0.0921875 0.1736111111111111
0 0.34453125 0.4840277777777778 0.09375 0.15694444444444444
3 0.8519531250000001 0.40902777777777777 0.28046875 0.31527777777777777
3 0.049218750000000006 0.6465277777777778 0.09843750000000001 0.7069444444444445
2 0.045703125000000004 0.4104166666666667 0.09140625000000001 0.14305555555555557
