1 0.6351562500000001 0.3354166666666667 0.19062500000000002 0.5013888888888889
3 0.53046875 0.009722222222222222 0.14375000000000002 0.019444444444444445
2 0.164453125 0.43819444444444444 0.12734375 0.18472222222222223
0 0.34375 0.4118055555555556 0.07968750000000001 0.1375
0 0.373828125 0.15 0.06796875000000001 0.11388888888888889
0 0.21992187500000002 0.11944444444444445 0.06953125 0.11111111111111112
0 0.21484375 0.08472222222222223 0.07187500000000001 0.11388888888888889
0 0.1796875 0.17222222222222222 0.0734375 0.11388888888888889
0 0.17265625 0.13819444444444445 0.0765625 0.11805555555555557
3 0.028125 0.675 0.05625 0.35555555555555557
3 0.15703125 0.015972222222222224 0.1375 0.03194444444444445
2 0.491796875 0.09583333333333334 0.08515625 0.15
