1 0.09296875 0.2923611111111111 0.1859375 0.41250000000000003
3 0.0 0.6395833333333334 0.0 0.7208333333333333
2 0.53671875 0.38333333333333336 0.1078125 0.11388888888888889
0 0.37226562500000004 0.41597222222222224 0.08203125 0.07916666666666666
0 0.366796875 0.5229166666666667 0.12734375 0.14027777777777778
0 0.679296875 0.5291666666666667 0.13359375 0.14444444444444446
0 0.6839843750000001 0.44236111111111115 0.13515625 0.13194444444444445
0 0.689453125 0.48958333333333337 0.11640625 0.12083333333333333
0 0.6941406250000001 0.41458333333333336 0.11796875000000001 0.10972222222222222
3 0.60859375 0.3201388888888889 0.1421875 0.16527777777777777
3 0.983984375 0.6326388888888889 0.032031250000000004 0.7347222222222223
2 0.107421875 0.5402777777777777 0.21484375 0.25277777777777777
