1 0.330859375 0.7652777777777778 0.29921875000000003 0.39722222222222225
3 0.8718750000000001 0.8090277777777778 0.25625000000000003 0.3819444444444445
2 0.346484375 0.17430555555555557 0.07578125000000001 0.16805555555555557
0 0.3609375 0.39513888888888893 0.0703125 0.1375
0 0.559765625 0.45625000000000004 0.07578125000000001 0.14305555555555557
0 0.56484375 0.21944444444444444 0.065625 0.11944444444444445
0 0.572265625 0.18888888888888888 0.06796875000000001 0.12222222222222223
0 0.5203125000000001 0.17291666666666666 0.0625 0.11527777777777778
0 0.52578125 0.14097222222222222 0.065625 0.11805555555555557
3 0.244921875 0.05902777777777778 0.09921875000000001 0.11805555555555557
3 0.7171875000000001 0.11388888888888889 0.17343750000000002 0.22777777777777777
2 0.630078125 0.6916666666666667 0.11015625000000001 0.23333333333333334
