1 0.543359375 0.3277777777777778 0.33359375 0.5972222222222222
3 0.8453125 0.35625 0.2 0.22361111111111112
2 0.26992187500000003 0.3625 0.07421875 0.1
0 0.35234375 0.41111111111111115 0.05 0.075
0 0.53046875 0.39166666666666666 0.051562500000000004 0.06666666666666667
0 0.448828125 0.3576388888888889 0.03359375 0.04861111111111111
0 0.44921875 0.3194444444444445 0.034375 0.04722222222222222
0 0.401953125 0.35625 0.032031250000000004 0.04861111111111111
0 0.40273437500000003 0.31875000000000003 0.032031250000000004 0.04583333333333334
3 0.12382812500000001 0.3215277777777778 0.12109375 0.1625
3 0.499609375 0.3 0.10390625 0.125
2 0.671875 0.4041666666666667 0.1390625 0.13611111111111113
