1 0.091015625 0.5013888888888889 0.18203125 0.5888888888888889
2 0.5164062500000001 0.25972222222222224 0.12187500000000001 0.18888888888888888
0 0.37226562500000004 0.40972222222222227 0.07734375 0.11666666666666667
0 0.45039062500000004 0.8013888888888889 0.09453125000000001 0.14444444444444446
0 0.6687500000000001 0.6854166666666667 0.1046875 0.1375
0 0.6859375000000001 0.6631944444444444 0.1125 0.14305555555555557
0 0.6687500000000001 0.5611111111111111 0.09843750000000001 0.1277777777777778
0 0.6843750000000001 0.5340277777777778 0.1046875 0.13472222222222222
3 0.570703125 0.07569444444444445 0.16484375 0.1513888888888889
3 0.90625 0.8555555555555556 0.1875 0.2888888888888889
2 0.29453125 0.9541666666666667 0.1625 0.09166666666666667
