1 0.45820312500000004 0.325 0.35546875 0.6111111111111112
3 0.913671875 0.40069444444444446 0.17265625 0.30694444444444446
2 0.30781250000000004 0.35694444444444445 0.060937500000000006 0.09444444444444444
0 0.35625 0.41111111111111115 0.065625 0.07777777777777778
0 0.562109375 0.4076388888888889 0.05078125 0.0763888888888889
0 0.5066406250000001 0.3652777777777778 0.041406250000000006 0.05555555555555556
0 0.5078125 0.325 0.0421875 0.05277777777777778
0 0.459765625 0.3597222222222222 0.04296875 0.05277777777777778
0 0.460546875 0.32083333333333336 0.04296875 0.05
3 0.19609375 0.31180555555555556 0.09375 0.1486111111111111
3 0.58984375 0.30694444444444446 0.1203125 0.1388888888888889
2 0.7097656250000001 0.4340277777777778 0.16171875000000002 0.15972222222222224
