1 0.45703125 0.28402777777777777 0.15156250000000002 0.25972222222222224
3 0.21640625000000002 0.3055555555555556 0.0890625 0.12222222222222223
2 0.25429687500000003 0.4618055555555556 0.14921875 0.17916666666666667
0 0.350390625 0.41805555555555557 0.07421875 0.07222222222222223
0 0.22734375 0.3840277777777778 0.059375000000000004 0.05694444444444444
0 0.07695312500000001 0.41805555555555557 0.07421875 0.07222222222222223
0 0.07421875 0.36736111111111114 0.07500000000000001 0.06805555555555556
0 0.0671875 0.4395833333333333 0.08281250000000001 0.08194444444444444
0 0.064453125 0.38333333333333336 0.08359375000000001 0.07777777777777778
3 0.21835937500000002 0.6055555555555556 0.35234375 0.6333333333333333
3 0.0 0.3611111111111111 0.0 0.2111111111111111
2 0.2765625 0.34652777777777777 0.078125 0.08194444444444444
