1 0.10312500000000001 0.3013888888888889 0.20625000000000002 0.5
2 0.544140625 0.3902777777777778 0.11015625000000001 0.18888888888888888
0 0.37148437500000003 0.4201388888888889 0.08046875 0.14305555555555557
0 0.315234375 0.7958333333333334 0.09765625 0.18333333333333335
0 0.54921875 0.8958333333333334 0.1125 0.19444444444444445
0 0.56015625 0.8847222222222223 0.11875000000000001 0.20555555555555557
0 0.5945312500000001 0.7875 0.109375 0.18333333333333335
0 0.60703125 0.7715277777777778 0.115625 0.19305555555555556
3 0.69453125 0.18194444444444446 0.20625000000000002 0.275
2 0.123046875 0.8548611111111112 0.16796875 0.24027777777777778
