1 0.34765625 0.27083333333333337 0.140625 0.24722222222222223
3 0.03359375 0.3229166666666667 0.0671875 0.16527777777777777
2 0.40468750000000003 0.4729166666666667 0.115625 0.19583333333333333
0 0.35585937500000003 0.4201388888888889 0.07421875 0.08194444444444444
0 0.14765625000000002 0.41250000000000003 0.084375 0.07777777777777778
0 0.046875 0.4951388888888889 0.09375 0.12638888888888888
0 0.045312500000000006 0.42083333333333334 0.09062500000000001 0.11388888888888889
0 0.07695312500000001 0.5229166666666667 0.13984375000000002 0.14305555555555557
0 0.073046875 0.44097222222222227 0.14140625 0.12916666666666668
3 0.7875000000000001 0.5694444444444444 0.42500000000000004 0.6111111111111112
2 0.14609375 0.3625 0.09062500000000001 0.09722222222222222
