1 0.6160156250000001 0.40347222222222223 0.19140625 0.5097222222222222
3 0.5867187500000001 0.030555555555555558 0.1484375 0.061111111111111116
2 0.17539062500000002 0.3888888888888889 0.12421875 0.19166666666666668
0 0.34492187500000004 0.4083333333333333 0.07578125000000001 0.1388888888888889
0 0.40390625 0.1638888888888889 0.065625 0.11388888888888889
0 0.261328125 0.10208333333333333 0.06328125 0.10972222222222222
0 0.2578125 0.06805555555555556 0.065625 0.11111111111111112
0 0.21835937500000002 0.14375000000000002 0.06640625 0.1125
0 0.21328125 0.11041666666666668 0.06875 0.11527777777777778
3 0.030468750000000003 0.5437500000000001 0.060937500000000006 0.2902777777777778
3 0.22226562500000002 0.0 0.11796875000000001 0.0
2 0.525390625 0.1375 0.09453125000000001 0.16111111111111112
