1 0.5765625 0.28194444444444444 0.17500000000000002 0.3416666666666667
3 0.39492187500000003 0.2951388888888889 0.09609375 0.12083333333333333
2 0.15390625000000002 0.4256944444444445 0.12812500000000002 0.1513888888888889
0 0.34414062500000003 0.41597222222222224 0.07890625000000001 0.0763888888888889
0 0.31640625 0.3666666666666667 0.059375000000000004 0.05277777777777778
0 0.16484375 0.3736111111111111 0.06875 0.05555555555555556
0 0.16328125000000002 0.33055555555555555 0.06875 0.05277777777777778
0 0.129296875 0.3861111111111111 0.07578125000000001 0.061111111111111116
0 0.12734375 0.33958333333333335 0.0765625 0.059722222222222225
3 0.0125 0.5020833333333333 0.025 0.49583333333333335
3 0.0890625 0.30972222222222223 0.1234375 0.14722222222222223
2 0.40664062500000003 0.3388888888888889 0.07421875 0.08055555555555556
