1 0.24726562500000002 0.3472222222222222 0.30078125 0.5583333333333333
3 0.9164062500000001 0.5430555555555556 0.16718750000000002 0.513888888888889
2 0.38320312500000003 0.36041666666666666 0.07578125000000001 0.09027777777777778
0 0.36445312500000004 0.41250000000000003 0.07265625 0.07222222222222223
0 0.56796875 0.44375000000000003 0.084375 0.08750000000000001
0 0.5906250000000001 0.39375 0.065625 0.0625
0 0.5925781250000001 0.3493055555555556 0.06640625 0.059722222222222225
0 0.548046875 0.38125000000000003 0.06171875 0.05694444444444444
0 0.54921875 0.34097222222222223 0.060937500000000006 0.05416666666666667
3 0.323046875 0.3090277777777778 0.06015625 0.12638888888888888
3 0.7468750000000001 0.3375 0.153125 0.17222222222222222
2 0.6316406250000001 0.4979166666666667 0.13203125000000002 0.2125
