1 0.48515625 0.7736111111111111 0.3359375 0.4083333333333333
3 0.884765625 0.50625 0.23046875 0.4013888888888889
2 0.28750000000000003 0.17569444444444446 0.0765625 0.17916666666666667
0 0.355078125 0.3909722222222222 0.06171875 0.14305555555555557
0 0.55703125 0.3423611111111111 0.0578125 0.1375
0 0.505078125 0.11597222222222223 0.05078125 0.11527777777777778
0 0.5105468750000001 0.08125 0.05234375 0.11805555555555557
0 0.453125 0.09097222222222223 0.05 0.1125
0 0.45625000000000004 0.05694444444444444 0.051562500000000004 0.11388888888888889
3 0.13007812500000002 0.09027777777777778 0.15234375 0.18055555555555555
3 0.6125 0.036111111111111115 0.1625 0.07222222222222223
2 0.6781250000000001 0.5256944444444445 0.14375000000000002 0.22361111111111112
