1 0.17695312500000002 0.6784722222222223 0.28203125 0.5291666666666667
2 0.43046875 0.19722222222222224 0.09843750000000001 0.18333333333333335
0 0.36835937500000004 0.4 0.07421875 0.11944444444444445
0 0.53359375 0.625 0.0921875 0.13611111111111113
0 0.6332031250000001 0.40694444444444444 0.08671875000000001 0.11944444444444445
0 0.644140625 0.3791666666666667 0.09140625000000001 0.12222222222222223
0 0.6039062500000001 0.32430555555555557 0.08125 0.1125
0 0.61328125 0.29444444444444445 0.084375 0.11666666666666667
3 0.3984375 0.04722222222222222 0.096875 0.09444444444444444
3 0.8636718750000001 0.4 0.19609375 0.3388888888888889
2 0.505859375 0.8812500000000001 0.15078125 0.23750000000000002
