1 0.15195312500000002 0.6208333333333333 0.25234375000000003 0.5277777777777778
2 0.45390625 0.21944444444444444 0.1015625 0.18055555555555555
0 0.36953125000000003 0.40347222222222223 0.06875 0.10416666666666667
0 0.50703125 0.6687500000000001 0.0890625 0.12083333333333333
0 0.63671875 0.48055555555555557 0.0890625 0.10833333333333334
0 0.6484375 0.45555555555555555 0.09375 0.11388888888888889
0 0.61640625 0.38958333333333334 0.08281250000000001 0.10416666666666667
0 0.626171875 0.36180555555555555 0.08671875000000001 0.10694444444444445
3 0.447265625 0.05763888888888889 0.11171875 0.11527777777777778
3 0.8753906250000001 0.5368055555555555 0.20078125000000002 0.3680555555555556
2 0.444921875 0.8972222222222223 0.14921875 0.20555555555555557
