1 0.11210937500000001 0.24722222222222223 0.22421875000000002 0.49444444444444446
2 0.55078125 0.4375 0.125 0.2111111111111111
0 0.370703125 0.4236111111111111 0.07890625000000001 0.15
0 0.2734375 0.7819444444444444 0.09531250000000001 0.19166666666666668
0 0.49921875000000004 0.925 0.1125 0.15
0 0.507421875 0.9180555555555556 0.11953125 0.1638888888888889
0 0.55859375 0.8611111111111112 0.1125 0.2
0 0.569921875 0.8472222222222222 0.11953125 0.2111111111111111
3 0.735546875 0.2555555555555556 0.22421875000000002 0.2611111111111111
2 0.08476562500000001 0.7833333333333333 0.16953125000000002 0.25833333333333336
