1 0.40273437500000003 0.2791666666666667 0.14453125 0.24722222222222223
3 0.12382812500000001 0.3125 0.09296875 0.13611111111111113
2 0.32265625000000003 0.4708333333333333 0.140625 0.18888888888888888
0 0.353125 0.41875 0.0765625 0.0763888888888889
0 0.187890625 0.3965277777777778 0.07109375 0.06527777777777778
0 0.048828125 0.4513888888888889 0.09765625 0.09444444444444444
0 0.047656250000000004 0.39166666666666666 0.09531250000000001 0.08611111111111111
0 0.06328125 0.4756944444444445 0.1078125 0.10694444444444445
0 0.06015625 0.4104166666666667 0.109375 0.09861111111111112
3 0.583203125 0.5909722222222222 0.35546875 0.6097222222222223
2 0.21406250000000002 0.35347222222222224 0.08281250000000001 0.08750000000000001
