1 0.24921875000000002 0.12708333333333333 0.2 0.25416666666666665
2 0.48554687500000004 0.6618055555555555 0.13046875 0.2513888888888889
0 0.36171875000000003 0.43333333333333335 0.05 0.13333333333333333
0 0.15156250000000002 0.5465277777777778 0.0734375 0.14583333333333334
0 0.190234375 0.9090277777777778 0.08359375000000001 0.18194444444444446
0 0.18085937500000002 0.8986111111111111 0.08984375 0.19166666666666668
0 0.26953125 0.9243055555555556 0.07500000000000001 0.1513888888888889
0 0.26406250000000003 0.9173611111111112 0.07968750000000001 0.16527777777777777
3 0.7718750000000001 0.7861111111111111 0.3015625 0.4277777777777778
2 0.069140625 0.3701388888888889 0.10234375000000001 0.20972222222222223
