1 0.075390625 0.2986111111111111 0.15078125 0.525
2 0.503515625 0.3701388888888889 0.10859375 0.10972222222222222
0 0.37148437500000003 0.4138888888888889 0.07578125000000001 0.075
0 0.48203125 0.5159722222222223 0.11875000000000001 0.12916666666666668
0 0.726171875 0.4791666666666667 0.13359375 0.10833333333333334
0 0.7308593750000001 0.40347222222222223 0.13515625 0.10138888888888889
0 0.698828125 0.4465277777777778 0.11328125 0.09305555555555556
0 0.702734375 0.3805555555555556 0.11484375000000001 0.08611111111111111
3 0.525390625 0.30833333333333335 0.11484375000000001 0.1527777777777778
2 0.28203125 0.5916666666666667 0.22812500000000002 0.33333333333333337
