1 0.29531250000000003 0.27222222222222225 0.14375000000000002 0.2555555555555556
3 0.0 0.3493055555555556 0.0 0.20972222222222223
2 0.486328125 0.4618055555555556 0.14609375 0.1875
0 0.359375 0.41944444444444445 0.059375000000000004 0.08055555555555556
0 0.13007812500000002 0.4361111111111111 0.08828125 0.08888888888888889
0 0.08515625 0.5430555555555556 0.1390625 0.1527777777777778
0 0.08085937500000001 0.45555555555555555 0.14140625 0.1388888888888889
0 0.178125 0.5618055555555556 0.13125 0.16527777777777777
0 0.17500000000000002 0.4701388888888889 0.134375 0.1486111111111111
3 0.83984375 0.4791666666666667 0.3203125 0.4416666666666667
2 0.08554687500000001 0.3819444444444445 0.09140625000000001 0.11388888888888889
