1 0.094921875 0.3625 0.18984375 0.49722222222222223
2 0.538671875 0.34444444444444444 0.10859375 0.1638888888888889
0 0.371875 0.4173611111111111 0.07968750000000001 0.13472222222222222
0 0.359375 0.8027777777777778 0.09843750000000001 0.17222222222222222
0 0.59296875 0.8277777777777778 0.1078125 0.17500000000000002
0 0.60546875 0.8131944444444444 0.11406250000000001 0.18472222222222223
0 0.62265625 0.7111111111111111 0.10312500000000001 0.1638888888888889
0 0.6359375 0.6916666666666667 0.109375 0.17222222222222222
3 0.65234375 0.12916666666666668 0.19062500000000002 0.25833333333333336
2 0.17109375000000002 0.9069444444444444 0.15625 0.18611111111111112
