1 0.57421875 0.3277777777777778 0.27968750000000003 0.5388888888888889
3 0.7523437500000001 0.3354166666666667 0.153125 0.17916666666666667
2 0.2421875 0.36944444444444446 0.0859375 0.10277777777777779
0 0.3515625 0.4118055555555556 0.05 0.07361111111111111
0 0.49648437500000003 0.3826388888888889 0.05390625 0.059722222222222225
0 0.40273437500000003 0.35555555555555557 0.03828125 0.04722222222222222
0 0.40273437500000003 0.3194444444444445 0.03828125 0.044444444444444446
0 0.35859375000000004 0.35625 0.035937500000000004 0.04861111111111111
0 0.35859375000000004 0.3201388888888889 0.035937500000000004 0.04583333333333334
3 0.07187500000000001 0.33333333333333337 0.14375000000000002 0.17500000000000002
3 0.43281250000000004 0.2986111111111111 0.09375 0.11666666666666667
2 0.6277343750000001 0.3861111111111111 0.11796875000000001 0.11666666666666667
