1 0.623046875 0.27361111111111114 0.20859375000000002 0.47222222222222227
3 0.468359375 0.0 0.13359375 0.0
2 0.16640625 0.48888888888888893 0.12187500000000001 0.17222222222222222
0 0.34375 0.41597222222222224 0.07968750000000001 0.12916666666666668
0 0.342578125 0.15 0.06640625 0.10555555555555556
0 0.18359375 0.15416666666666667 0.0734375 0.10555555555555556
0 0.17734375000000002 0.12013888888888889 0.0765625 0.10972222222222222
0 0.148046875 0.21666666666666667 0.07890625000000001 0.11111111111111112
0 0.140234375 0.1840277777777778 0.08203125 0.11527777777777778
3 0.044140625 0.8 0.08828125 0.4
3 0.09531250000000001 0.043750000000000004 0.15625 0.08750000000000001
2 0.45390625 0.07222222222222223 0.084375 0.13611111111111113
