1 0.5164062500000001 0.32569444444444445 0.3515625 0.6152777777777778
3 0.8910156250000001 0.3715277777777778 0.21796875000000002 0.25416666666666665
2 0.2859375 0.3597222222222222 0.0671875 0.09722222222222222
0 0.353515625 0.41111111111111115 0.057031250000000006 0.07777777777777778
0 0.546484375 0.39722222222222225 0.049218750000000006 0.06944444444444445
0 0.47265625 0.3597222222222222 0.034375 0.05277777777777778
0 0.47304687500000003 0.3215277777777778 0.03515625 0.04861111111111111
0 0.42617187500000003 0.35694444444444445 0.03671875 0.05
0 0.42617187500000003 0.31875000000000003 0.03671875 0.04861111111111111
3 0.152734375 0.31666666666666665 0.11015625000000001 0.15555555555555556
3 0.53671875 0.30208333333333337 0.11093750000000001 0.13194444444444445
2 0.6921875000000001 0.4152777777777778 0.15000000000000002 0.14722222222222223
