1 0.594921875 0.22847222222222224 0.20859375000000002 0.4569444444444445
3 0.40468750000000003 0.0 0.1234375 0.0
2 0.18359375 0.5354166666666667 0.1125 0.19305555555555556
0 0.34453125 0.41875 0.0734375 0.1125
0 0.31289062500000003 0.1638888888888889 0.06328125 0.09444444444444444
0 0.15585937500000002 0.20277777777777778 0.07421875 0.09722222222222222
0 0.148828125 0.1701388888888889 0.07734375 0.10138888888888889
0 0.126953125 0.27361111111111114 0.07890625000000001 0.10277777777777779
0 0.118359375 0.2423611111111111 0.08203125 0.10694444444444445
3 0.070703125 0.8451388888888889 0.14140625 0.30972222222222223
3 0.064453125 0.08055555555555556 0.12890625 0.16111111111111112
2 0.41171875 0.06944444444444445 0.084375 0.1388888888888889
