1 0.169921875 0.16527777777777777 0.24609375 0.33055555555555555
2 0.539453125 0.5916666666666667 0.15234375 0.26944444444444443
0 0.3671875 0.43125 0.0625 0.1486111111111111
0 0.170703125 0.6708333333333334 0.06796875000000001 0.17500000000000002
0 0.30312500000000003 0.9611111111111111 0.08125 0.07777777777777778
0 0.30000000000000004 0.9555555555555556 0.0859375 0.08888888888888889
0 0.39609375 0.9493055555555556 0.0859375 0.10138888888888889
0 0.39882812500000003 0.9430555555555556 0.09140625000000001 0.11388888888888889
3 0.8187500000000001 0.5638888888888889 0.278125 0.3805555555555556
2 0.051171875000000006 0.5305555555555556 0.10234375000000001 0.25833333333333336
