1 0.47773437500000004 0.14375000000000002 0.20234375000000002 0.28750000000000003
3 0.16015625 0.02847222222222222 0.125 0.05694444444444444
2 0.271484375 0.6944444444444444 0.13671875 0.2638888888888889
0 0.35000000000000003 0.42986111111111114 0.0765625 0.12638888888888888
0 0.20820312500000002 0.2548611111111111 0.07265625 0.1125
0 0.0734375 0.45069444444444445 0.0859375 0.12916666666666668
0 0.061328125000000004 0.42291666666666666 0.08984375 0.13472222222222222
0 0.08046875 0.5465277777777778 0.09062500000000001 0.1375
0 0.06796875000000001 0.5215277777777778 0.09531250000000001 0.14305555555555557
3 0.30312500000000003 0.9875 0.21250000000000002 0.025
3 0.0 0.4027777777777778 0.0 0.3416666666666667
2 0.25 0.09027777777777778 0.096875 0.17222222222222222
