1 0.11289062500000001 0.3125 0.22578125000000002 0.6194444444444445
3 0.878515625 0.6340277777777779 0.24296875 0.7319444444444445
2 0.45859375 0.3625 0.1 0.10555555555555556
0 0.371875 0.41250000000000003 0.0765625 0.075
0 0.558984375 0.49097222222222225 0.12421875 0.11527777777777778
0 0.6976562500000001 0.43472222222222223 0.109375 0.08611111111111111
0 0.701171875 0.3736111111111111 0.11015625000000001 0.08055555555555556
0 0.6550781250000001 0.41250000000000003 0.09453125000000001 0.075
0 0.6578125 0.35625 0.09531250000000001 0.07083333333333333
3 0.44257812500000004 0.30347222222222225 0.09140625000000001 0.14027777777777778
3 0.9421875000000001 0.3979166666666667 0.115625 0.31527777777777777
2 0.48671875000000003 0.5888888888888889 0.2515625 0.3416666666666667
