1 0.6136718750000001 0.4729166666666667 0.23046875 0.5236111111111111
3 0.646484375 0.05555555555555556 0.15703125 0.11111111111111112
2 0.1859375 0.34305555555555556 0.1203125 0.19722222222222224
0 0.345703125 0.4048611111111111 0.07109375 0.14027777777777778
0 0.43398437500000003 0.17916666666666667 0.06484375 0.11666666666666667
0 0.3015625 0.08611111111111111 0.0578125 0.10833333333333334
0 0.29921875000000003 0.05416666666666667 0.059375000000000004 0.10833333333333334
0 0.25546875 0.11666666666666667 0.059375000000000004 0.11111111111111112
0 0.25234375000000003 0.08333333333333334 0.060937500000000006 0.11388888888888889
3 0.036328125 0.4277777777777778 0.07265625 0.25833333333333336
3 0.283984375 0.0 0.11171875 0.0
2 0.559765625 0.18194444444444446 0.10546875 0.17500000000000002
