1 0.0921875 0.3104166666666667 0.18281250000000002 0.5458333333333334
3 0.597265625 0.6416666666666667 0.8054687500000001 0.7166666666666667
2 0.480078125 0.3666666666666667 0.10234375000000001 0.10555555555555556
0 0.37226562500000004 0.4131944444444445 0.07109375 0.07083333333333333
0 0.51875 0.5013888888888889 0.11875000000000001 0.11111111111111112
0 0.70625 0.4548611111111111 0.1171875 0.09027777777777778
0 0.7097656250000001 0.38819444444444445 0.11953125 0.08472222222222223
0 0.6722656250000001 0.4277777777777778 0.10078125 0.07777777777777778
0 0.675390625 0.36875 0.10234375000000001 0.07361111111111111
3 0.48359375000000004 0.3076388888888889 0.1015625 0.14305555555555557
3 0.9703125 0.4395833333333333 0.059375000000000004 0.38472222222222224
2 0.381640625 0.5854166666666667 0.23828125 0.3236111111111111
