1 0.11484375000000001 0.5965277777777778 0.22968750000000002 0.6069444444444445
2 0.48671875000000003 0.21875 0.11875000000000001 0.19861111111111113
0 0.37226562500000004 0.4048611111111111 0.07265625 0.10416666666666667
0 0.5015625 0.7493055555555556 0.09843750000000001 0.12361111111111112
0 0.6761718750000001 0.5652777777777778 0.10546875 0.11388888888888889
0 0.6921875000000001 0.5402777777777777 0.1125 0.11944444444444445
0 0.659765625 0.45208333333333334 0.09765625 0.10694444444444445
0 0.6742187500000001 0.42291666666666666 0.10312500000000001 0.1125
3 0.50234375 0.052083333333333336 0.140625 0.10416666666666667
3 0.9164062500000001 0.7076388888888889 0.16718750000000002 0.45972222222222225
2 0.39609375 0.945138888888889 0.17500000000000002 0.10972222222222222
