1 0.123046875 0.21805555555555556 0.24609375 0.4361111111111111
3 0.0 0.9340277777777778 0.0 0.13194444444444445
2 0.550390625 0.4881944444444445 0.13515625 0.23194444444444445
0 0.37031250000000004 0.42638888888888893 0.07500000000000001 0.15
0 0.23593750000000002 0.75 0.0890625 0.18888888888888888
0 0.43789062500000003 0.9416666666666667 0.10390625 0.11666666666666667
0 0.44296875 0.9361111111111111 0.11093750000000001 0.1277777777777778
0 0.51015625 0.90625 0.1078125 0.1875
0 0.519140625 0.8986111111111111 0.11484375000000001 0.20277777777777778
3 0.7679687500000001 0.3458333333333333 0.23593750000000002 0.275
2 0.070703125 0.6972222222222223 0.14140625 0.2638888888888889
