1 0.205078125 0.2777777777777778 0.17578125 0.2972222222222222
2 0.55078125 0.4340277777777778 0.15000000000000002 0.16805555555555557
0 0.36835937500000004 0.41875 0.06328125 0.08194444444444444
0 0.152734375 0.4798611111111111 0.06953125 0.11527777777777778
0 0.31328125 0.5979166666666667 0.11093750000000001 0.19305555555555556
0 0.31289062500000003 0.4951388888888889 0.11328125 0.1736111111111111
0 0.43671875000000004 0.5840277777777778 0.1265625 0.18472222222222223
0 0.43828125 0.48541666666666666 0.1296875 0.16527777777777777
3 0.823828125 0.3826388888888889 0.25546875 0.27083333333333337
3 0.219140625 0.6486111111111111 0.43828125 0.7027777777777778
2 0.041406250000000006 0.42986111111111114 0.08281250000000001 0.1625
