1 0.594921875 0.2881944444444445 0.16796875 0.3541666666666667
3 0.44062500000000004 0.2972222222222222 0.09843750000000001 0.12222222222222223
2 0.15585937500000002 0.4138888888888889 0.12890625 0.13611111111111113
0 0.34453125 0.41597222222222224 0.07968750000000001 0.0763888888888889
0 0.34296875000000004 0.3666666666666667 0.059375000000000004 0.05277777777777778
0 0.199609375 0.36736111111111114 0.06328125 0.05416666666666667
0 0.19882812500000002 0.32708333333333334 0.06328125 0.051388888888888894
0 0.16171875000000002 0.37777777777777777 0.06875 0.058333333333333334
0 0.160546875 0.33472222222222225 0.06953125 0.05555555555555556
3 0.0 0.4534722222222222 0.0 0.39583333333333337
3 0.144140625 0.3055555555555556 0.10703125000000001 0.13611111111111113
2 0.4390625 0.3423611111111111 0.07187500000000001 0.07916666666666666
