1 0.1046875 0.58125 0.209375 0.6402777777777778
2 0.49921875000000004 0.2215277777777778 0.125 0.20416666666666666
0 0.37265625 0.4048611111111111 0.07500000000000001 0.10416666666666667
0 0.498046875 0.78125 0.10234375000000001 0.12361111111111112
0 0.69140625 0.6013888888888889 0.1125 0.11388888888888889
0 0.7093750000000001 0.5756944444444445 0.1203125 0.12083333333333333
0 0.676953125 0.4798611111111111 0.10390625 0.10694444444444445
0 0.69296875 0.44930555555555557 0.11093750000000001 0.1125
3 0.523828125 0.05277777777777778 0.15078125 0.10555555555555556
3 0.9285156250000001 0.7666666666666667 0.14296875 0.4666666666666667
2 0.373046875 0.9625 0.18515625000000002 0.075
