1 0.58515625 0.32708333333333334 0.22968750000000002 0.48750000000000004
3 0.6875 0.325 0.13125 0.15555555555555556
2 0.224609375 0.3763888888888889 0.09296875 0.10555555555555556
0 0.349609375 0.4131944444444445 0.057031250000000006 0.07361111111111111
0 0.46992187500000004 0.3784722222222222 0.055468750000000004 0.05694444444444444
0 0.36835937500000004 0.35555555555555557 0.041406250000000006 0.04722222222222222
0 0.36835937500000004 0.32083333333333336 0.041406250000000006 0.044444444444444446
0 0.326171875 0.3576388888888889 0.039843750000000004 0.04861111111111111
0 0.326171875 0.3215277777777778 0.039843750000000004 0.04583333333333334
3 0.058203125 0.34375 0.11640625 0.18472222222222223
3 0.384375 0.2986111111111111 0.08750000000000001 0.11388888888888889
2 0.5921875 0.375 0.10312500000000001 0.10555555555555556
