1 0.267578125 0.7534722222222222 0.31171875000000004 0.4652777777777778
3 0.862890625 0.9048611111111111 0.27421875 0.1902777777777778
2 0.376953125 0.17291666666666666 0.08515625 0.17916666666666667
0 0.3640625 0.3944444444444445 0.07500000000000001 0.13611111111111113
0 0.5609375 0.5152777777777778 0.0859375 0.14722222222222223
0 0.596875 0.2743055555555556 0.07500000000000001 0.12361111111111112
0 0.6062500000000001 0.24305555555555555 0.078125 0.1277777777777778
0 0.555859375 0.2138888888888889 0.07109375 0.11666666666666667
0 0.562890625 0.18125 0.07421875 0.12083333333333333
3 0.296484375 0.044444444444444446 0.08046875 0.08888888888888889
3 0.77890625 0.17430555555555557 0.1875 0.2847222222222222
2 0.6000000000000001 0.78125 0.1265625 0.2652777777777778
