1 0.26796875000000003 0.2777777777777778 0.15000000000000002 0.25833333333333336
2 0.5078125 0.4527777777777778 0.146875 0.17500000000000002
0 0.361328125 0.41875 0.047656250000000004 0.0763888888888889
0 0.13789062500000002 0.4479166666666667 0.08203125 0.09027777777777778
0 0.15156250000000002 0.55625 0.11875000000000001 0.1513888888888889
0 0.148828125 0.46805555555555556 0.12109375 0.1388888888888889
0 0.2578125 0.5659722222222222 0.1015625 0.15694444444444444
0 0.25625000000000003 0.47500000000000003 0.10312500000000001 0.14444444444444446
3 0.83984375 0.43819444444444444 0.3015625 0.3541666666666667
2 0.06796875000000001 0.39513888888888893 0.0859375 0.12361111111111112
