1 0.5652343750000001 0.3298611111111111 0.28984375 0.5430555555555556
3 0.76953125 0.34097222222222223 0.1609375 0.1875
2 0.24960937500000002 0.3680555555555556 0.08203125 0.10277777777777779
0 0.35195312500000003 0.4118055555555556 0.04609375 0.07361111111111111
0 0.503515625 0.3854166666666667 0.05390625 0.059722222222222225
0 0.41328125000000004 0.35625 0.037500000000000006 0.04861111111111111
0 0.41328125000000004 0.3201388888888889 0.037500000000000006 0.04583333333333334
0 0.369140625 0.35625 0.03359375 0.04861111111111111
0 0.36953125000000003 0.3201388888888889 0.034375 0.04583333333333334
3 0.0859375 0.33055555555555555 0.1375 0.16944444444444445
3 0.44843750000000004 0.29930555555555555 0.09531250000000001 0.11805555555555557
2 0.6355468750000001 0.3902777777777778 0.12109375 0.11944444444444445
