1 0.18203125 0.28402777777777777 0.1796875 0.3041666666666667
2 0.548828125 0.42291666666666666 0.13359375 0.1513888888888889
0 0.36796875 0.41805555555555557 0.06875 0.08055555555555556
0 0.18828125 0.48888888888888893 0.078125 0.11944444444444445
0 0.3984375 0.5881944444444445 0.13125 0.18472222222222223
0 0.39921875 0.49097222222222225 0.1328125 0.16527777777777777
0 0.5027343750000001 0.5652777777777778 0.13671875 0.16944444444444445
0 0.50546875 0.47361111111111115 0.1390625 0.1527777777777778
3 0.76875 0.36388888888888893 0.2171875 0.22777777777777777
3 0.5 0.6569444444444444 1.0 0.6861111111111111
2 0.047265625000000006 0.4465277777777778 0.09453125000000001 0.1736111111111111
