1 0.5875 0.32569444444444445 0.19687500000000002 0.45416666666666666
3 0.648046875 0.32083333333333336 0.12265625000000001 0.14444444444444446
2 0.21484375 0.37986111111111115 0.09843750000000001 0.10694444444444445
0 0.34882812500000004 0.4131944444444445 0.06171875 0.07361111111111111
0 0.452734375 0.3763888888888889 0.055468750000000004 0.05555555555555556
0 0.34687500000000004 0.35694444444444445 0.043750000000000004 0.04722222222222222
0 0.34687500000000004 0.32222222222222224 0.043750000000000004 0.044444444444444446
0 0.30546875 0.3590277777777778 0.0421875 0.04861111111111111
0 0.30546875 0.32430555555555557 0.0421875 0.04583333333333334
3 0.05078125 0.35208333333333336 0.1015625 0.19305555555555556
3 0.35390625000000003 0.29930555555555555 0.084375 0.1125
2 0.56953125 0.3701388888888889 0.09375 0.09861111111111112
