1 0.08476562500000001 0.29791666666666666 0.16953125000000002 0.4513888888888889
3 0.147265625 0.6416666666666667 0.29453125 0.7166666666666667
2 0.51875 0.3770833333333333 0.1078125 0.10972222222222222
0 0.37148437500000003 0.41458333333333336 0.07890625000000001 0.0763888888888889
0 0.42031250000000003 0.5194444444444445 0.11875000000000001 0.13333333333333333
0 0.7039062500000001 0.5020833333333333 0.1296875 0.12361111111111112
0 0.70859375 0.42291666666666666 0.1328125 0.1125
0 0.6937500000000001 0.4666666666666667 0.1125 0.10277777777777779
0 0.6976562500000001 0.39722222222222225 0.11406250000000001 0.09722222222222222
3 0.56484375 0.3145833333333333 0.1265625 0.15694444444444444
2 0.169921875 0.5618055555555556 0.21484375 0.2791666666666667
