1 0.610546875 0.6222222222222222 0.32734375000000004 0.5638888888888889
3 0.7816406250000001 0.14166666666666666 0.20078125000000002 0.2833333333333333
2 0.2109375 0.2534722222222222 0.11406250000000001 0.20972222222222223
0 0.34882812500000004 0.39722222222222225 0.06015625 0.14166666666666666
0 0.496875 0.21666666666666667 0.06406250000000001 0.125
0 0.385546875 0.059722222222222225 0.049218750000000006 0.10833333333333334
0 0.386328125 0.04027777777777778 0.05078125 0.08055555555555556
0 0.33242187500000003 0.07013888888888889 0.047656250000000004 0.10972222222222222
0 0.331640625 0.04513888888888889 0.049218750000000006 0.09027777777777778
3 0.05 0.2263888888888889 0.1 0.3111111111111111
3 0.41914062500000004 0.0 0.12578125 0.0
2 0.63671875 0.28750000000000003 0.134375 0.2138888888888889
