1 0.41250000000000003 0.8166666666666667 0.3515625 0.35833333333333334
3 0.89765625 0.6888888888888889 0.20468750000000002 0.45
2 0.31367187500000004 0.15555555555555556 0.07265625 0.17222222222222222
0 0.358203125 0.3909722222222222 0.07265625 0.1513888888888889
0 0.576171875 0.39861111111111114 0.07265625 0.1527777777777778
0 0.54921875 0.1486111111111111 0.0625 0.125
0 0.55625 0.11319444444444444 0.065625 0.12916666666666668
0 0.496875 0.11041666666666668 0.060937500000000006 0.12083333333333333
0 0.50234375 0.075 0.0625 0.125
3 0.17890625000000002 0.06319444444444444 0.1328125 0.12638888888888888
3 0.6875 0.06458333333333334 0.18281250000000002 0.12916666666666668
2 0.68515625 0.6284722222222222 0.14375000000000002 0.2263888888888889
