1 0.15976562500000002 0.33055555555555555 0.26328125 0.5888888888888889
3 0.9027343750000001 0.6430555555555556 0.19453125000000002 0.7138888888888889
2 0.43007812500000003 0.36180555555555555 0.08984375 0.09861111111111112
0 0.36953125000000003 0.41250000000000003 0.0765625 0.07222222222222223
0 0.565625 0.4708333333333333 0.109375 0.10277777777777779
0 0.65390625 0.4166666666666667 0.0890625 0.075
0 0.6566406250000001 0.36319444444444443 0.08984375 0.07083333333333333
0 0.6121093750000001 0.39861111111111114 0.07890625000000001 0.06666666666666667
0 0.6140625000000001 0.3506944444444445 0.07968750000000001 0.0625
3 0.3984375 0.3055555555555556 0.078125 0.13333333333333333
3 0.8953125000000001 0.36875 0.209375 0.24027777777777778
2 0.552734375 0.5506944444444445 0.20390625 0.28194444444444444
