1 0.5476562500000001 0.33055555555555555 0.31562500000000004 0.5694444444444444
3 0.815625 0.3513888888888889 0.18281250000000002 0.20833333333333334
2 0.264453125 0.3652777777777778 0.07578125000000001 0.1
0 0.351171875 0.41111111111111115 0.04609375 0.07222222222222223
0 0.5203125000000001 0.38958333333333334 0.051562500000000004 0.0625
0 0.437109375 0.3576388888888889 0.03515625 0.04861111111111111
0 0.4375 0.3201388888888889 0.034375 0.04583333333333334
0 0.3921875 0.35625 0.03125 0.04861111111111111
0 0.3921875 0.3201388888888889 0.03125 0.04583333333333334
3 0.113671875 0.325 0.12578125 0.1638888888888889
3 0.48281250000000003 0.30069444444444443 0.1 0.12361111111111112
2 0.6570312500000001 0.3993055555555556 0.13125 0.12916666666666668
