1 0.57734375 0.33055555555555555 0.240625 0.48888888888888893
3 0.7046875 0.32916666666666666 0.134375 0.16111111111111112
2 0.232421875 0.37430555555555556 0.08984375 0.10416666666666667
0 0.350390625 0.41250000000000003 0.05390625 0.07222222222222223
0 0.47734375 0.3805555555555556 0.0546875 0.058333333333333334
0 0.37929687500000003 0.35625 0.039843750000000004 0.04583333333333334
0 0.3796875 0.32083333333333336 0.040625 0.044444444444444446
0 0.33710937500000004 0.3576388888888889 0.03828125 0.04861111111111111
0 0.33710937500000004 0.32222222222222224 0.03828125 0.044444444444444446
3 0.064453125 0.34097222222222223 0.12890625 0.17916666666666667
3 0.4 0.3 0.0890625 0.11388888888888889
2 0.6003906250000001 0.3791666666666667 0.10546875 0.10833333333333334
