1 0.48984375 0.28194444444444444 0.15937500000000002 0.2777777777777778
3 0.262890625 0.30069444444444443 0.08984375 0.12083333333333333
2 0.221484375 0.45555555555555555 0.14921875 0.17777777777777778
0 0.35000000000000003 0.4173611111111111 0.0734375 0.07083333333333333
0 0.24921875000000002 0.3770833333333333 0.0546875 0.05416666666666667
0 0.09257812500000001 0.40347222222222223 0.07421875 0.06527777777777778
0 0.090234375 0.3548611111111111 0.07578125000000001 0.0625
0 0.07265625 0.42291666666666666 0.084375 0.07361111111111111
0 0.070703125 0.36875 0.08515625 0.07083333333333333
3 0.14453125 0.607638888888889 0.2890625 0.6597222222222222
3 0.014453125 0.34305555555555556 0.02890625 0.19166666666666668
2 0.30898437500000003 0.34305555555555556 0.07734375 0.08055555555555556
