1 0.4296875 0.2833333333333333 0.1453125 0.24722222222222223
3 0.17500000000000002 0.30972222222222223 0.0890625 0.125
2 0.2890625 0.4652777777777778 0.14375000000000002 0.17777777777777778
0 0.35234375 0.41805555555555557 0.07500000000000001 0.07222222222222223
0 0.21015625000000002 0.38958333333333334 0.06406250000000001 0.059722222222222225
0 0.06953125 0.4326388888888889 0.08125 0.07916666666666666
0 0.066796875 0.3791666666666667 0.08203125 0.075
0 0.071484375 0.4548611111111111 0.08984375 0.09027777777777778
0 0.06875 0.3965277777777778 0.09062500000000001 0.08472222222222223
3 0.390625 0.5881944444444445 0.27968750000000003 0.5875
2 0.248046875 0.3506944444444445 0.07890625000000001 0.08194444444444444
