1 0.126953125 0.28611111111111115 0.20078125000000002 0.3527777777777778
2 0.55078125 0.4027777777777778 0.1078125 0.13333333333333333
0 0.37031250000000004 0.4173611111111111 0.07968750000000001 0.08194444444444444
0 0.25703125 0.5131944444444445 0.11406250000000001 0.1375
0 0.56171875 0.5750000000000001 0.15625 0.18055555555555555
0 0.56484375 0.47847222222222224 0.15937500000000002 0.1625
0 0.6253906250000001 0.5375 0.14453125 0.15555555555555556
0 0.62890625 0.45069444444444445 0.146875 0.14027777777777778
3 0.696484375 0.33611111111111114 0.18046875 0.18888888888888888
3 0.82734375 0.6472222222222223 0.3453125 0.7055555555555556
2 0.060937500000000006 0.49236111111111114 0.12187500000000001 0.21805555555555556
