1 0.208984375 0.7444444444444445 0.32734375000000004 0.5111111111111112
2 0.40273437500000003 0.16805555555555557 0.09609375 0.19166666666666668
0 0.36640625000000004 0.3965277777777778 0.07968750000000001 0.1375
0 0.5640625 0.5743055555555556 0.09531250000000001 0.15416666666666667
0 0.62890625 0.3229166666666667 0.0859375 0.12916666666666668
0 0.640234375 0.29097222222222224 0.08984375 0.13472222222222222
0 0.58984375 0.24861111111111112 0.08125 0.12222222222222223
0 0.59921875 0.21597222222222223 0.084375 0.12638888888888888
3 0.33632812500000003 0.03263888888888889 0.08671875000000001 0.06527777777777778
3 0.8460937500000001 0.2534722222222222 0.2109375 0.31527777777777777
2 0.578515625 0.8625 0.15078125 0.275
