1 0.516796875 0.16041666666666668 0.21796875000000002 0.32083333333333336
3 0.21640625000000002 0.009027777777777779 0.1265625 0.018055555555555557
2 0.237109375 0.6743055555555556 0.14453125 0.2652777777777778
0 0.34804687500000003 0.4277777777777778 0.07578125000000001 0.11944444444444445
0 0.22773437500000002 0.21666666666666667 0.06796875000000001 0.10277777777777779
0 0.0765625 0.37569444444444444 0.078125 0.11527777777777778
0 0.06484375 0.3458333333333333 0.08281250000000001 0.11944444444444445
0 0.07187500000000001 0.4715277777777778 0.084375 0.12361111111111112
0 0.058984375000000006 0.44375000000000003 0.08828125 0.12638888888888888
3 0.187890625 0.9791666666666667 0.27734375 0.04166666666666667
3 0.0 0.2777777777777778 0.0 0.3388888888888889
2 0.28750000000000003 0.075 0.096875 0.15
