1 0.601171875 0.3138888888888889 0.15859375 0.4416666666666667
3 0.6015625 0.3104166666666667 0.1171875 0.13472222222222222
2 0.194140625 0.3861111111111111 0.10859375 0.11388888888888889
0 0.347265625 0.4138888888888889 0.06953125 0.075
0 0.43046875 0.37222222222222223 0.0578125 0.05555555555555556
0 0.31367187500000004 0.35625 0.047656250000000004 0.04861111111111111
0 0.31328125 0.3201388888888889 0.0484375 0.04583333333333334
0 0.27265625 0.3611111111111111 0.0484375 0.05
0 0.27187500000000003 0.3236111111111111 0.0484375 0.04722222222222222
3 0.03359375 0.3625 0.0671875 0.21666666666666667
3 0.30703125000000003 0.29791666666666666 0.084375 0.1125
2 0.543359375 0.3611111111111111 0.08515625 0.09444444444444444
