1 0.15703125 0.28750000000000003 0.1875 0.32222222222222224
2 0.54921875 0.4131944444444445 0.1203125 0.14027777777777778
0 0.369140625 0.41805555555555557 0.07421875 0.08055555555555556
0 0.221484375 0.5006944444444444 0.09609375 0.12638888888888888
0 0.48125 0.5805555555555556 0.146875 0.18055555555555555
0 0.483203125 0.48541666666666666 0.14921875 0.1625
0 0.566015625 0.5506944444444445 0.14296875 0.15972222222222224
0 0.5691406250000001 0.4625 0.14453125 0.14444444444444446
3 0.728515625 0.3479166666666667 0.19453125000000002 0.2013888888888889
3 0.7136718750000001 0.6576388888888889 0.57265625 0.6847222222222222
2 0.054296875 0.4673611111111111 0.10859375 0.1902777777777778
