1 0.287109375 0.11111111111111112 0.18828125 0.22222222222222224
3 0.0 0.27222222222222225 0.0 0.3416666666666667
2 0.45742187500000003 0.6944444444444444 0.11640625 0.24166666666666667
0 0.359375 0.43472222222222223 0.060937500000000006 0.14166666666666666
0 0.14570312500000002 0.49097222222222225 0.08046875 0.1486111111111111
0 0.14296875 0.8506944444444445 0.096875 0.1875
0 0.130859375 0.8375 0.10390625 0.19722222222222224
0 0.213671875 0.9041666666666667 0.09140625000000001 0.19166666666666668
0 0.205078125 0.8951388888888889 0.09765625 0.20416666666666666
3 0.7449218750000001 0.8388888888888889 0.31796875 0.32222222222222224
3 0.01015625 0.99375 0.0203125 0.0125
2 0.084375 0.30069444444444443 0.09375 0.1902777777777778
