1 0.3609375 0.10694444444444445 0.18281250000000002 0.2138888888888889
3 0.03125 0.12013888888888889 0.0625 0.24027777777777778
2 0.38125000000000003 0.7180555555555556 0.1 0.23611111111111113
0 0.35546875 0.4340277777777778 0.07187500000000001 0.14305555555555557
0 0.16015625 0.38472222222222224 0.08125 0.1388888888888889
0 0.090234375 0.6875 0.10078125 0.17222222222222222
0 0.07734375 0.6687500000000001 0.1078125 0.17916666666666667
0 0.135546875 0.7722222222222223 0.10234375000000001 0.18055555555555555
0 0.12421875 0.7555555555555555 0.1078125 0.18888888888888888
3 0.61484375 0.9291666666666667 0.2734375 0.14166666666666666
2 0.1453125 0.1951388888888889 0.09843750000000001 0.17083333333333334
