1 0.6062500000000001 0.3090277777777778 0.1453125 0.44027777777777777
3 0.5847656250000001 0.30694444444444446 0.11484375000000001 0.13055555555555556
2 0.185546875 0.38819444444444445 0.11328125 0.11805555555555557
0 0.34609375000000003 0.4138888888888889 0.0734375 0.07777777777777778
0 0.421484375 0.3701388888888889 0.05859375 0.05694444444444444
0 0.300390625 0.35625 0.049218750000000006 0.04861111111111111
0 0.30000000000000004 0.3201388888888889 0.05 0.04583333333333334
0 0.258984375 0.36180555555555555 0.05078125 0.051388888888888894
0 0.25859375 0.3236111111111111 0.051562500000000004 0.05
3 0.026171875 0.3666666666666667 0.05234375 0.23055555555555557
3 0.288671875 0.2965277777777778 0.08515625 0.11527777777777778
2 0.53359375 0.3576388888888889 0.08281250000000001 0.09305555555555556
