1 0.16015625 0.7138888888888889 0.3203125 0.5722222222222223
2 0.433203125 0.1736111111111111 0.10703125000000001 0.2
0 0.36875 0.3979166666666667 0.08125 0.13194444444444445
0 0.5554687500000001 0.6409722222222223 0.10312500000000001 0.15416666666666667
0 0.658203125 0.39513888888888893 0.09609375 0.13194444444444445
0 0.671875 0.36388888888888893 0.1015625 0.13611111111111113
0 0.6238281250000001 0.30625 0.08984375 0.12361111111111112
0 0.6351562500000001 0.2729166666666667 0.09375 0.12916666666666668
3 0.39375000000000004 0.03194444444444445 0.10312500000000001 0.0638888888888889
3 0.8988281250000001 0.3784722222222222 0.20234375000000002 0.3680555555555556
2 0.5339843750000001 0.9013888888888889 0.17109375000000002 0.19722222222222224
