1 0.1421875 0.32569444444444445 0.284375 0.6513888888888889
3 0.938671875 0.63125 0.12265625000000001 0.7375
2 0.43359375 0.35833333333333334 0.09375 0.10277777777777779
0 0.369921875 0.41250000000000003 0.08046875 0.07777777777777778
0 0.583203125 0.4763888888888889 0.11953125 0.11111111111111112
0 0.6734375 0.4173611111111111 0.09531250000000001 0.07916666666666666
0 0.6761718750000001 0.3597222222222222 0.09609375 0.075
0 0.626953125 0.3979166666666667 0.08515625 0.07083333333333333
0 0.6292968750000001 0.3472222222222222 0.08515625 0.06666666666666667
3 0.4 0.30208333333333337 0.08125 0.1375
3 0.908203125 0.3666666666666667 0.18359375 0.25833333333333336
2 0.5765625 0.5715277777777777 0.22968750000000002 0.3236111111111111
