1 0.32265625000000003 0.09791666666666667 0.184375 0.19583333333333333
3 0.009375000000000001 0.17222222222222222 0.018750000000000003 0.3194444444444445
2 0.4234375 0.7166666666666667 0.096875 0.22222222222222224
0 0.35703125 0.43472222222222223 0.06875 0.14722222222222223
0 0.146875 0.4361111111111111 0.084375 0.14722222222222223
0 0.105859375 0.7777777777777778 0.10390625 0.18611111111111112
0 0.09296875 0.7611111111111112 0.11093750000000001 0.19444444444444445
0 0.16523437500000002 0.851388888888889 0.10234375000000001 0.19444444444444445
0 0.155078125 0.8381944444444445 0.10859375 0.20416666666666666
3 0.696875 0.8916666666666667 0.31562500000000004 0.21666666666666667
3 0.0 0.9097222222222222 0.0 0.18055555555555555
2 0.109765625 0.24027777777777778 0.09921875000000001 0.16944444444444445
