1 0.086328125 0.4291666666666667 0.17265625 0.5361111111111111
2 0.52890625 0.30069444444444443 0.115625 0.17083333333333334
0 0.371875 0.4131944444444445 0.07968750000000001 0.12638888888888888
0 0.405078125 0.8069444444444445 0.09765625 0.16111111111111112
0 0.6335937500000001 0.7590277777777779 0.10312500000000001 0.15694444444444444
0 0.6488281250000001 0.7409722222222223 0.10859375 0.16527777777777777
0 0.6484375 0.6368055555555556 0.096875 0.14583333333333334
0 0.6628906250000001 0.6138888888888889 0.10234375000000001 0.1527777777777778
3 0.6121093750000001 0.10069444444444445 0.17734375000000002 0.2013888888888889
3 0.874609375 0.9437500000000001 0.25078125 0.1125
2 0.22773437500000002 0.9368055555555556 0.14609375 0.12638888888888888
