1 0.26210937500000003 0.7756944444444445 0.35859375000000004 0.4486111111111111
3 0.883984375 0.9194444444444445 0.23203125000000002 0.16111111111111112
2 0.37343750000000003 0.1527777777777778 0.09062500000000001 0.19166666666666668
0 0.3640625 0.3944444444444445 0.08125 0.14722222222222223
0 0.579296875 0.51875 0.09296875 0.1625
0 0.6121093750000001 0.25416666666666665 0.08046875 0.13333333333333333
0 0.6218750000000001 0.22083333333333335 0.084375 0.1388888888888889
0 0.566015625 0.19097222222222224 0.07578125000000001 0.12638888888888888
0 0.57421875 0.15694444444444444 0.07968750000000001 0.13055555555555556
3 0.284765625 0.03333333333333333 0.08828125 0.06666666666666667
3 0.80625 0.14791666666666667 0.209375 0.29583333333333334
2 0.63046875 0.8125 0.1375 0.2888888888888889
