1 0.19843750000000002 0.3402777777777778 0.2890625 0.5805555555555556
3 0.9164062500000001 0.6430555555555556 0.16718750000000002 0.7138888888888889
2 0.40625 0.3611111111111111 0.08281250000000001 0.09444444444444444
0 0.36640625000000004 0.41250000000000003 0.07500000000000001 0.07222222222222223
0 0.569921875 0.4569444444444445 0.09765625 0.09444444444444444
0 0.62265625 0.4041666666666667 0.0765625 0.06944444444444445
0 0.624609375 0.35555555555555557 0.07734375 0.0638888888888889
0 0.580078125 0.38958333333333334 0.06953125 0.0625
0 0.58125 0.34444444444444444 0.0703125 0.058333333333333334
3 0.35976562500000003 0.30625 0.06953125 0.12916666666666668
3 0.817578125 0.3506944444444445 0.17890625000000002 0.2013888888888889
2 0.598828125 0.525 0.16640625 0.24722222222222223
