1 0.13203125000000002 0.325 0.2109375 0.5527777777777778
3 0.8464843750000001 0.6465277777777778 0.30703125000000003 0.7069444444444445
2 0.45351562500000003 0.36458333333333337 0.09453125000000001 0.10138888888888889
0 0.37109375 0.41250000000000003 0.07187500000000001 0.06944444444444445
0 0.5417968750000001 0.4840277777777778 0.11328125 0.10416666666666667
0 0.675 0.4340277777777778 0.1 0.07916666666666666
0 0.6781250000000001 0.37569444444444444 0.1015625 0.0763888888888889
0 0.6375000000000001 0.41250000000000003 0.08750000000000001 0.06944444444444445
0 0.63984375 0.3597222222222222 0.0890625 0.06666666666666667
3 0.439453125 0.30694444444444446 0.08828125 0.13611111111111113
3 0.925390625 0.39722222222222225 0.14921875 0.2916666666666667
2 0.47109375000000003 0.5659722222222222 0.22187500000000002 0.29583333333333334
