1 0.532421875 0.7312500000000001 0.33359375 0.4652777777777778
3 0.8718750000000001 0.37430555555555556 0.25625000000000003 0.3625
2 0.26406250000000003 0.19930555555555557 0.08750000000000001 0.1875
0 0.35273437500000004 0.39305555555555555 0.05234375 0.13333333333333333
0 0.540234375 0.3013888888888889 0.05078125 0.125
0 0.467578125 0.09722222222222222 0.041406250000000006 0.10555555555555556
0 0.471484375 0.0625 0.04296875 0.10833333333333334
0 0.415625 0.08402777777777778 0.040625 0.10416666666666667
0 0.41796875 0.051388888888888894 0.0421875 0.10277777777777779
3 0.0890625 0.11875000000000001 0.1703125 0.23750000000000002
3 0.550390625 0.01875 0.14765625000000002 0.0375
2 0.66796875 0.44583333333333336 0.1421875 0.22222222222222224
