1 0.101953125 0.2868055555555556 0.20390625 0.3875
2 0.5515625000000001 0.39305555555555555 0.10625000000000001 0.125
0 0.371875 0.4173611111111111 0.08281250000000001 0.08194444444444444
0 0.308203125 0.5229166666666667 0.12734375 0.14583333333333334
0 0.634765625 0.5583333333333333 0.15078125 0.16944444444444445
0 0.6390625000000001 0.4638888888888889 0.153125 0.1527777777777778
0 0.67109375 0.5166666666666667 0.1328125 0.14166666666666666
0 0.675390625 0.43333333333333335 0.13515625 0.1277777777777778
3 0.6566406250000001 0.3263888888888889 0.16171875000000002 0.17777777777777778
3 0.9339843750000001 0.6361111111111112 0.13203125000000002 0.7277777777777779
2 0.078125 0.5194444444444445 0.15625 0.24444444444444446
