1 0.6136718750000001 0.29305555555555557 0.16015625 0.38333333333333336
3 0.48750000000000004 0.29930555555555555 0.10312500000000001 0.12361111111111112
2 0.15937500000000002 0.4041666666666667 0.12812500000000002 0.13055555555555556
0 0.34453125 0.4152777777777778 0.07968750000000001 0.07777777777777778
0 0.369140625 0.36597222222222225 0.06015625 0.05416666666666667
0 0.232421875 0.3625 0.05859375 0.05277777777777778
0 0.23125 0.3229166666666667 0.059375000000000004 0.04861111111111111
0 0.19257812500000002 0.37083333333333335 0.06328125 0.05555555555555556
0 0.191796875 0.32916666666666666 0.06328125 0.05277777777777778
3 0.003125 0.4173611111111111 0.00625 0.32916666666666666
3 0.194140625 0.30069444444444443 0.09453125000000001 0.12638888888888888
2 0.472265625 0.3451388888888889 0.06953125 0.08194444444444444
