1 0.43828125 0.13055555555555556 0.18906250000000002 0.2611111111111111
3 0.10898437500000001 0.052083333333333336 0.12265625000000001 0.10416666666666667
2 0.30781250000000004 0.7041666666666667 0.125 0.25277777777777777
0 0.35195312500000003 0.43125 0.07578125000000001 0.13194444444444445
0 0.1921875 0.2972222222222222 0.07500000000000001 0.11944444444444445
0 0.078125 0.525 0.09062500000000001 0.14166666666666666
0 0.065625 0.5 0.09531250000000001 0.14722222222222223
0 0.09726562500000001 0.6180555555555556 0.09453125000000001 0.15
0 0.08554687500000001 0.5965277777777778 0.09921875000000001 0.15694444444444444
3 0.421875 0.982638888888889 0.16562500000000002 0.034722222222222224
2 0.21601562500000002 0.12430555555555556 0.09609375 0.17083333333333334
