1 0.117578125 0.3215277777777778 0.16171875000000002 0.4930555555555556
3 0.625 0.6527777777777778 0.7468750000000001 0.6944444444444444
2 0.47421875 0.36944444444444446 0.096875 0.1
0 0.37148437500000003 0.4131944444444445 0.06640625 0.06527777777777778
0 0.505078125 0.49375 0.10703125000000001 0.10138888888888889
0 0.680859375 0.45208333333333334 0.10703125000000001 0.08194444444444444
0 0.6843750000000001 0.3902777777777778 0.1078125 0.07777777777777778
0 0.651953125 0.42708333333333337 0.09296875 0.07083333333333333
0 0.6546875000000001 0.37222222222222223 0.09375 0.06944444444444445
3 0.47890625000000003 0.3111111111111111 0.096875 0.1388888888888889
3 0.94921875 0.43472222222222223 0.1015625 0.35000000000000003
2 0.378515625 0.5631944444444444 0.21171875 0.28194444444444444
