1 0.40351562500000004 0.7784722222222222 0.30859375 0.3402777777777778
3 0.8816406250000001 0.6708333333333334 0.23671875 0.4138888888888889
2 0.3171875 0.1736111111111111 0.06875 0.16111111111111112
0 0.35859375000000004 0.39375 0.0671875 0.14027777777777778
0 0.5613281250000001 0.4027777777777778 0.06796875000000001 0.14166666666666666
0 0.5378906250000001 0.16875 0.05859375 0.11805555555555557
0 0.54453125 0.13611111111111113 0.060937500000000006 0.12222222222222223
0 0.48945312500000004 0.13333333333333333 0.057031250000000006 0.11388888888888889
0 0.494140625 0.09930555555555556 0.05859375 0.11805555555555557
3 0.19101562500000002 0.07222222222222223 0.12265625000000001 0.14444444444444446
3 0.6687500000000001 0.07569444444444445 0.16875 0.1513888888888889
2 0.659375 0.6138888888888889 0.12812500000000002 0.2111111111111111
