1 0.5593750000000001 0.6583333333333333 0.30312500000000003 0.48333333333333334
3 0.798046875 0.24305555555555555 0.21015625000000002 0.3055555555555556
2 0.240625 0.23680555555555557 0.096875 0.1902777777777778
0 0.3515625 0.3965277777777778 0.046875 0.12361111111111112
0 0.509375 0.2590277777777778 0.0546875 0.1125
0 0.41953125 0.08680555555555555 0.0421875 0.09861111111111112
0 0.421875 0.05416666666666667 0.043750000000000004 0.10277777777777779
0 0.36953125000000003 0.08680555555555555 0.0390625 0.09861111111111112
0 0.369921875 0.05347222222222223 0.039843750000000004 0.10138888888888889
3 0.07187500000000001 0.17222222222222222 0.14375000000000002 0.2916666666666667
3 0.472265625 0.004166666666666667 0.12890625 0.008333333333333333
2 0.6355468750000001 0.3576388888888889 0.12890625 0.20694444444444446
