1 0.61640625 0.5458333333333334 0.27968750000000003 0.55
3 0.71484375 0.09305555555555556 0.171875 0.18611111111111112
2 0.19609375 0.2972222222222222 0.11875000000000001 0.20555555555555557
0 0.347265625 0.40069444444444446 0.06640625 0.14305555555555557
0 0.46523437500000003 0.19375 0.06484375 0.12083333333333333
0 0.34140625 0.06944444444444445 0.053125000000000006 0.10833333333333334
0 0.34101562500000004 0.04513888888888889 0.055468750000000004 0.09027777777777778
0 0.292578125 0.08888888888888889 0.05390625 0.11111111111111112
0 0.290234375 0.05625 0.055468750000000004 0.1125
3 0.041015625 0.325 0.08203125 0.2888888888888889
3 0.34882812500000004 0.0 0.11796875000000001 0.0
2 0.598828125 0.22847222222222224 0.11953125 0.19583333333333333
