1 0.29335937500000003 0.34097222222222223 0.32421875 0.5875
3 0.9281250000000001 0.4916666666666667 0.14375000000000002 0.4444444444444445
2 0.36015625 0.35833333333333334 0.07187500000000001 0.09166666666666667
0 0.362109375 0.4118055555555556 0.07265625 0.07361111111111111
0 0.573828125 0.43125 0.07578125000000001 0.08472222222222223
0 0.56796875 0.3826388888888889 0.0578125 0.059722222222222225
0 0.569921875 0.33958333333333335 0.05859375 0.05694444444444444
0 0.523046875 0.3736111111111111 0.055468750000000004 0.05555555555555556
0 0.5242187500000001 0.33333333333333337 0.05625 0.05277777777777778
3 0.287890625 0.30833333333333335 0.06484375 0.13055555555555556
3 0.698828125 0.32569444444444445 0.14296875 0.15972222222222224
2 0.681640625 0.4791666666666667 0.14453125 0.19722222222222224
