1 0.24296875 0.3375 0.33125000000000004 0.6222222222222222
3 0.940625 0.5583333333333333 0.11875000000000001 0.5750000000000001
2 0.381640625 0.3576388888888889 0.07890625000000001 0.09583333333333334
0 0.36484375 0.4118055555555556 0.0765625 0.0763888888888889
0 0.58203125 0.44375000000000003 0.0890625 0.09305555555555556
0 0.59921875 0.3909722222222222 0.0671875 0.06527777777777778
0 0.601171875 0.34444444444444444 0.06796875000000001 0.061111111111111116
0 0.5535156250000001 0.3784722222222222 0.06328125 0.059722222222222225
0 0.555078125 0.33611111111111114 0.06328125 0.05555555555555556
3 0.31796875 0.3055555555555556 0.0625 0.13055555555555556
3 0.759375 0.33333333333333337 0.1625 0.17777777777777778
2 0.666015625 0.5041666666666667 0.14765625000000002 0.23055555555555557
