1 0.400390625 0.11597222222222223 0.18984375 0.23194444444444445
3 0.055078125000000006 0.08125 0.11015625000000001 0.1625
2 0.34414062500000003 0.7208333333333333 0.11640625 0.25277777777777777
0 0.353515625 0.43333333333333335 0.07578125000000001 0.14166666666666666
0 0.172265625 0.3375 0.08046875 0.13055555555555556
0 0.076171875 0.6090277777777778 0.09921875000000001 0.15972222222222224
0 0.0625 0.5861111111111111 0.1046875 0.16666666666666669
0 0.10820312500000001 0.7006944444444445 0.10234375000000001 0.17083333333333334
0 0.09609375 0.6819444444444445 0.1078125 0.17777777777777778
3 0.5320312500000001 0.9680555555555556 0.22812500000000002 0.0638888888888889
2 0.17695312500000002 0.15347222222222223 0.09921875000000001 0.1736111111111111
