1 0.29296875 0.33055555555555555 0.35781250000000003 0.6583333333333333
3 0.9496093750000001 0.4986111111111111 0.10078125 0.4861111111111111
2 0.35703125 0.35555555555555557 0.0734375 0.09444444444444444
0 0.362109375 0.4118055555555556 0.07734375 0.07916666666666666
0 0.587109375 0.43125 0.07890625000000001 0.09027777777777778
0 0.57421875 0.37986111111111115 0.059375000000000004 0.0625
0 0.576171875 0.3354166666666667 0.06015625 0.059722222222222225
0 0.526953125 0.37083333333333335 0.057031250000000006 0.058333333333333334
0 0.527734375 0.3284722222222222 0.057031250000000006 0.05416666666666667
3 0.28046875 0.30486111111111114 0.0671875 0.1375
3 0.70703125 0.32083333333333336 0.1484375 0.1638888888888889
2 0.7132812500000001 0.4826388888888889 0.16562500000000002 0.2125
