1 0.568359375 0.6756944444444445 0.32734375000000004 0.5097222222222222
3 0.8230468750000001 0.2513888888888889 0.22578125000000002 0.32222222222222224
2 0.23945312500000002 0.22569444444444445 0.09921875000000001 0.19583333333333333
0 0.3515625 0.3944444444444445 0.046875 0.1277777777777778
0 0.51796875 0.2590277777777778 0.05625 0.11527777777777778
0 0.42695312500000004 0.07986111111111112 0.04296875 0.10138888888888889
0 0.429296875 0.04861111111111111 0.04453125 0.09722222222222222
0 0.37578125 0.07777777777777778 0.0390625 0.1
0 0.3765625 0.04722222222222222 0.040625 0.09444444444444444
3 0.06992187500000001 0.1527777777777778 0.13984375000000002 0.3027777777777778
3 0.484375 0.0020833333333333333 0.134375 0.004166666666666667
2 0.65 0.3652777777777778 0.13593750000000002 0.21666666666666667
