1 0.51953125 0.28125 0.16718750000000002 0.2986111111111111
3 0.304296875 0.2972222222222222 0.09140625000000001 0.11944444444444445
2 0.19453125000000002 0.4479166666666667 0.1421875 0.1736111111111111
0 0.34882812500000004 0.4166666666666667 0.06953125 0.06944444444444445
0 0.26796875000000003 0.37222222222222223 0.0546875 0.05277777777777778
0 0.110546875 0.3923611111111111 0.07421875 0.059722222222222225
0 0.10859375 0.3451388888888889 0.07500000000000001 0.05694444444444444
0 0.083984375 0.40902777777777777 0.08359375000000001 0.06805555555555556
0 0.08164062500000001 0.3576388888888889 0.08515625 0.06527777777777778
3 0.094140625 0.5916666666666667 0.18828125 0.6472222222222223
3 0.0328125 0.32916666666666666 0.065625 0.17500000000000002
2 0.33984375 0.3402777777777778 0.0765625 0.08055555555555556
