1 0.209765625 0.14444444444444446 0.22265625 0.2888888888888889
2 0.515234375 0.6305555555555555 0.14453125 0.2638888888888889
0 0.365234375 0.43194444444444446 0.05078125 0.13611111111111113
0 0.156640625 0.6083333333333334 0.06796875000000001 0.1527777777777778
0 0.241015625 0.9409722222222222 0.06953125 0.11805555555555557
0 0.23398437500000002 0.9347222222222222 0.07421875 0.13055555555555556
0 0.33046875000000003 0.9430555555555556 0.06406250000000001 0.11388888888888889
0 0.32851562500000003 0.9368055555555556 0.06796875000000001 0.12638888888888888
3 0.8011718750000001 0.6791666666666667 0.29140625000000003 0.4138888888888889
2 0.05390625 0.4451388888888889 0.1078125 0.23472222222222222
