1 0.609375 0.30833333333333335 0.1375 0.4083333333333333
3 0.551953125 0.30625 0.10859375 0.12638888888888888
2 0.18046875 0.39305555555555555 0.115625 0.11944444444444445
0 0.346484375 0.41458333333333336 0.07421875 0.0763888888888889
0 0.405078125 0.36944444444444446 0.05859375 0.05555555555555556
0 0.28125 0.35833333333333334 0.051562500000000004 0.05
0 0.280859375 0.32222222222222224 0.05234375 0.04722222222222222
0 0.24140625000000002 0.36458333333333337 0.053125000000000006 0.051388888888888894
0 0.240625 0.3263888888888889 0.053125000000000006 0.05
3 0.022265625 0.3805555555555556 0.04453125 0.24722222222222223
3 0.261328125 0.29930555555555555 0.08359375000000001 0.11527777777777778
2 0.512109375 0.3541666666666667 0.07578125000000001 0.08888888888888889
