1 0.139453125 0.1902777777777778 0.25703125 0.3805555555555556
2 0.55078125 0.5423611111111112 0.1484375 0.2569444444444445
0 0.369140625 0.4291666666666667 0.07109375 0.1527777777777778
0 0.198046875 0.7201388888888889 0.08046875 0.1875
0 0.37265625 0.9604166666666667 0.096875 0.07916666666666666
0 0.373828125 0.9548611111111112 0.10234375000000001 0.09027777777777778
0 0.45859375 0.9354166666666667 0.1015625 0.12916666666666668
0 0.46523437500000003 0.9284722222222223 0.10859375 0.14305555555555557
3 0.80859375 0.4486111111111111 0.2578125 0.33055555555555555
2 0.057031250000000006 0.6180555555555556 0.11406250000000001 0.26944444444444443
