1 0.43867187500000004 0.3277777777777778 0.35234375 0.5944444444444444
3 0.9144531250000001 0.4083333333333333 0.17109375000000002 0.31666666666666665
2 0.31289062500000003 0.3576388888888889 0.06015625 0.09305555555555556
0 0.35664062500000004 0.41111111111111115 0.06640625 0.07777777777777778
0 0.5632812500000001 0.40972222222222227 0.053125000000000006 0.07777777777777778
0 0.5125000000000001 0.3666666666666667 0.043750000000000004 0.05555555555555556
0 0.51328125 0.32708333333333334 0.043750000000000004 0.051388888888888894
0 0.465625 0.3611111111111111 0.043750000000000004 0.05277777777777778
0 0.46640625 0.3229166666666667 0.043750000000000004 0.04861111111111111
3 0.20664062500000002 0.31180555555555556 0.08984375 0.14583333333333334
3 0.599609375 0.3090277777777778 0.12109375 0.14027777777777778
2 0.7074218750000001 0.4375 0.16015625 0.16111111111111112
