1 0.533203125 0.7194444444444444 0.32265625000000003 0.45833333333333337
3 0.858984375 0.35555555555555557 0.25234375000000003 0.35000000000000003
2 0.26171875 0.20555555555555557 0.08750000000000001 0.18611111111111112
0 0.35273437500000004 0.39375 0.049218750000000006 0.12916666666666668
0 0.5339843750000001 0.29583333333333334 0.05078125 0.11944444444444445
0 0.46015625000000004 0.09652777777777778 0.0390625 0.10416666666666667
0 0.463671875 0.0625 0.041406250000000006 0.10555555555555556
0 0.40859375000000003 0.08472222222222223 0.0390625 0.10277777777777779
0 0.41054687500000003 0.051388888888888894 0.039843750000000004 0.10277777777777779
3 0.08554687500000001 0.125 0.17109375000000002 0.25
3 0.5378906250000001 0.016666666666666666 0.14453125 0.03333333333333333
2 0.659375 0.4326388888888889 0.1375 0.21805555555555556
