1 0.54296875 0.18194444444444446 0.21406250000000002 0.36388888888888893
3 0.279296875 0.004166666666666667 0.11953125 0.008333333333333333
2 0.216796875 0.6277777777777778 0.13515625 0.2388888888888889
0 0.347265625 0.42430555555555555 0.06796875000000001 0.10138888888888889
0 0.25703125 0.19652777777777777 0.059375000000000004 0.08750000000000001
0 0.10312500000000001 0.3111111111111111 0.07500000000000001 0.09444444444444444
0 0.09296875 0.28055555555555556 0.07968750000000001 0.09722222222222222
0 0.08945312500000001 0.3979166666666667 0.08046875 0.09861111111111112
0 0.078125 0.36944444444444446 0.084375 0.10277777777777779
3 0.129296875 0.9333333333333333 0.25859375 0.13333333333333333
3 0.019921875000000002 0.1798611111111111 0.039843750000000004 0.3125
2 0.3296875 0.07152777777777779 0.09062500000000001 0.14305555555555557
