1 0.37265625 0.3263888888888889 0.384375 0.6527777777777778
3 0.942578125 0.4444444444444445 0.11484375000000001 0.39722222222222225
2 0.331640625 0.3548611111111111 0.06796875000000001 0.09583333333333334
0 0.358984375 0.41111111111111115 0.07421875 0.08055555555555556
0 0.5828125000000001 0.41875 0.065625 0.08472222222222223
0 0.54453125 0.37083333333333335 0.051562500000000004 0.058333333333333334
0 0.5453125 0.3277777777777778 0.051562500000000004 0.05555555555555556
0 0.495703125 0.36388888888888893 0.05078125 0.05555555555555556
0 0.49648437500000003 0.3229166666666667 0.05078125 0.051388888888888894
3 0.23671875 0.30625 0.08125 0.14305555555555557
3 0.6515625 0.3111111111111111 0.13593750000000002 0.1527777777777778
2 0.7308593750000001 0.45833333333333337 0.17734375000000002 0.18888888888888888
