1 0.32890625 0.8006944444444445 0.35000000000000003 0.39861111111111114
3 0.89375 0.820138888888889 0.21250000000000002 0.3597222222222222
2 0.343359375 0.1527777777777778 0.08203125 0.18333333333333335
0 0.361328125 0.39375 0.07734375 0.1513888888888889
0 0.580078125 0.45833333333333337 0.08359375000000001 0.15833333333333333
0 0.58125 0.19861111111111113 0.07187500000000001 0.13055555555555556
0 0.590234375 0.1638888888888889 0.07421875 0.13333333333333333
0 0.532421875 0.1486111111111111 0.06796875000000001 0.125
0 0.538671875 0.11319444444444444 0.07109375 0.12916666666666668
3 0.23203125000000002 0.04652777777777778 0.109375 0.09305555555555556
3 0.7468750000000001 0.10347222222222223 0.1953125 0.20694444444444446
2 0.6648437500000001 0.7215277777777778 0.12812500000000002 0.25972222222222224
