1 0.550390625 0.2791666666666667 0.17421875 0.32222222222222224
3 0.3484375 0.2951388888888889 0.09375 0.12083333333333333
2 0.169921875 0.4375 0.13203125000000002 0.16666666666666669
0 0.34453125 0.41597222222222224 0.0734375 0.07361111111111111
0 0.28984375 0.3680555555555556 0.0578125 0.05277777777777778
0 0.133203125 0.38125000000000003 0.07265625 0.05694444444444444
0 0.13125 0.33611111111111114 0.0734375 0.05555555555555556
0 0.10039062500000001 0.3965277777777778 0.08203125 0.06527777777777778
0 0.09843750000000001 0.3472222222222222 0.08281250000000001 0.061111111111111116
3 0.044921875 0.5576388888888889 0.08984375 0.6013888888888889
3 0.05234375 0.3180555555555556 0.1046875 0.16111111111111112
2 0.37226562500000004 0.3388888888888889 0.07578125000000001 0.08055555555555556
