1 0.1875 0.32916666666666666 0.31875000000000003 0.6527777777777778
3 0.9476562500000001 0.6340277777777779 0.1046875 0.7319444444444445
2 0.40742187500000004 0.3576388888888889 0.08671875000000001 0.09861111111111112
0 0.3671875 0.4118055555555556 0.07968750000000001 0.0763888888888889
0 0.586328125 0.4590277777777778 0.10390625 0.10138888888888889
0 0.636328125 0.4027777777777778 0.08046875 0.07222222222222223
0 0.63828125 0.35208333333333336 0.08125 0.06805555555555556
0 0.58984375 0.3875 0.0734375 0.0638888888888889
0 0.59140625 0.3402777777777778 0.0734375 0.061111111111111116
3 0.35781250000000003 0.3027777777777778 0.07187500000000001 0.13333333333333333
3 0.8402343750000001 0.34652777777777777 0.19453125000000002 0.20972222222222223
2 0.628125 0.5368055555555555 0.1796875 0.2763888888888889
