1 0.35703125 0.3368055555555556 0.3328125 0.5819444444444445
3 0.921875 0.4451388888888889 0.15625 0.3680555555555556
2 0.33671875 0.35833333333333334 0.065625 0.09166666666666667
0 0.359375 0.4118055555555556 0.0703125 0.0763888888888889
0 0.56953125 0.42083333333333334 0.06406250000000001 0.08055555555555556
0 0.5398437500000001 0.37430555555555556 0.05 0.05694444444444444
0 0.541015625 0.3340277777777778 0.05078125 0.05416666666666667
0 0.494140625 0.36736111111111114 0.049218750000000006 0.05416666666666667
0 0.494921875 0.3284722222222222 0.049218750000000006 0.051388888888888894
3 0.248828125 0.3104166666666667 0.07578125000000001 0.1375
3 0.6468750000000001 0.31736111111111115 0.1296875 0.1486111111111111
2 0.697265625 0.4569444444444445 0.15390625000000002 0.17500000000000002
