1 0.20820312500000002 0.7340277777777778 0.31015625 0.5236111111111111
3 0.846875 0.9972222222222222 0.30625 0.005555555555555556
2 0.40546875000000004 0.17708333333333334 0.09375 0.1875
0 0.36640625000000004 0.3979166666666667 0.078125 0.13194444444444445
0 0.55625 0.5770833333333334 0.09375 0.1486111111111111
0 0.624609375 0.3354166666666667 0.08359375000000001 0.12638888888888888
0 0.6355468750000001 0.3055555555555556 0.08828125 0.13055555555555556
0 0.587109375 0.2625 0.07890625000000001 0.11944444444444445
0 0.59609375 0.22986111111111113 0.08281250000000001 0.12361111111111112
3 0.34492187500000004 0.03888888888888889 0.08671875000000001 0.07777777777777778
3 0.837890625 0.275 0.20234375000000002 0.3111111111111111
2 0.56484375 0.8604166666666667 0.146875 0.2791666666666667
