1 0.5640625 0.20416666666666666 0.20468750000000002 0.4083333333333333
3 0.341796875 0.004166666666666667 0.11796875000000001 0.008333333333333333
2 0.20273437500000002 0.5777777777777778 0.12109375 0.2111111111111111
0 0.345703125 0.4215277777777778 0.06640625 0.09583333333333334
0 0.2859375 0.18333333333333335 0.059375000000000004 0.08333333333333334
0 0.13359375 0.2576388888888889 0.0734375 0.08750000000000001
0 0.125390625 0.22708333333333333 0.07578125000000001 0.09027777777777778
0 0.1125 0.33472222222222225 0.078125 0.09166666666666667
0 0.10312500000000001 0.3055555555555556 0.08125 0.09444444444444444
3 0.10078125 0.8840277777777779 0.2015625 0.23194444444444445
3 0.044921875 0.12361111111111112 0.08984375 0.24722222222222223
2 0.370703125 0.07222222222222223 0.08515625 0.14444444444444446
