1 0.37617187500000004 0.275 0.14296875 0.24722222222222223
3 0.072265625 0.31736111111111115 0.09765625 0.1486111111111111
2 0.36015625 0.4729166666666667 0.12812500000000002 0.19305555555555556
0 0.35468750000000004 0.41875 0.0765625 0.07916666666666666
0 0.16718750000000002 0.40347222222222223 0.078125 0.07083333333333333
0 0.046484375 0.4715277777777778 0.09296875 0.10694444444444445
0 0.044921875 0.4048611111111111 0.08984375 0.09861111111111112
0 0.065234375 0.4979166666666667 0.12421875 0.12361111111111112
0 0.062109375 0.42430555555555555 0.12421875 0.1125
3 0.716796875 0.5881944444444445 0.45078125 0.6236111111111111
2 0.18085937500000002 0.35694444444444445 0.08671875000000001 0.09166666666666667
