1 0.134765625 0.6722222222222223 0.26953125 0.6305555555555555
2 0.464453125 0.18680555555555556 0.11640625 0.20694444444444446
0 0.37148437500000003 0.4 0.08046875 0.12222222222222223
0 0.53828125 0.7090277777777778 0.1078125 0.14583333333333334
0 0.6820312500000001 0.4798611111111111 0.10625000000000001 0.12916666666666668
0 0.6976562500000001 0.45069444444444445 0.1125 0.13472222222222222
0 0.654296875 0.375 0.09765625 0.11944444444444445
0 0.66796875 0.3423611111111111 0.10312500000000001 0.12638888888888888
3 0.451953125 0.036111111111111115 0.12421875 0.07222222222222223
3 0.9234375 0.5381944444444444 0.153125 0.4291666666666667
2 0.47421875 0.9368055555555556 0.18281250000000002 0.12638888888888888
