1 0.319921875 0.26805555555555555 0.14609375 0.2555555555555556
3 0.001953125 0.3340277777777778 0.00390625 0.1902777777777778
2 0.45820312500000004 0.4708333333333333 0.13671875 0.19722222222222224
0 0.357421875 0.4201388888888889 0.06953125 0.08472222222222223
0 0.12812500000000002 0.425 0.09062500000000001 0.08611111111111111
0 0.05390625 0.5270833333333333 0.1078125 0.1486111111111111
0 0.05234375 0.44097222222222227 0.1046875 0.13472222222222222
0 0.1078125 0.5527777777777778 0.15000000000000002 0.16666666666666669
0 0.10390625 0.46111111111111114 0.153125 0.15
3 0.827734375 0.5340277777777778 0.34453125 0.5597222222222222
2 0.10703125000000001 0.3701388888888889 0.09531250000000001 0.10694444444444445
