1 0.122265625 0.5701388888888889 0.23203125000000002 0.5430555555555556
2 0.478125 0.2388888888888889 0.1078125 0.18055555555555555
0 0.370703125 0.40625 0.06484375 0.09305555555555556
0 0.48281250000000003 0.7180555555555556 0.0859375 0.10833333333333334
0 0.6449218750000001 0.5590277777777778 0.09296875 0.10138888888888889
0 0.658203125 0.5347222222222222 0.09765625 0.10555555555555556
0 0.6332031250000001 0.4569444444444445 0.08671875000000001 0.09722222222222222
0 0.6449218750000001 0.42986111111111114 0.09140625000000001 0.10138888888888889
3 0.49609375 0.06597222222222222 0.1296875 0.13194444444444445
3 0.891796875 0.6916666666666667 0.21640625000000002 0.4138888888888889
2 0.38398437500000004 0.9173611111111112 0.15234375 0.16527777777777777
