1 0.594921875 0.32083333333333336 0.18515625000000002 0.45555555555555555
3 0.632421875 0.3159722222222222 0.12109375 0.14027777777777778
2 0.20664062500000002 0.3819444444444445 0.10234375000000001 0.11111111111111112
0 0.34804687500000003 0.4131944444444445 0.06484375 0.07361111111111111
0 0.4453125 0.37430555555555556 0.05625 0.05694444444444444
0 0.334765625 0.35625 0.04453125 0.04861111111111111
0 0.334765625 0.32083333333333336 0.04453125 0.044444444444444446
0 0.29335937500000003 0.3597222222222222 0.04453125 0.05
0 0.29335937500000003 0.3236111111111111 0.04453125 0.04722222222222222
3 0.043750000000000004 0.35555555555555557 0.08750000000000001 0.20277777777777778
3 0.33710937500000004 0.29791666666666666 0.08515625 0.1125
2 0.5613281250000001 0.3666666666666667 0.09140625000000001 0.09722222222222222
